slate	2986	3.1937	14	2.6429
plate	2988	3.199	12	2.9167
leapt	2990	3.212	10	2.1
least	2985	3.2127	15	3.2667
trace	2980	3.2137	20	2.85
leant	2987	3.2157	13	1.2308
stale	2990	3.2157	10	2.1
petal	2992	3.216	8	1.875
trail	2984	3.2197	16	3.1876
stare	2977	3.2217	23	2.5217
slept	2993	3.2237	7	4.0
slant	2991	3.2296	9	3.1111
crate	2983	3.2297	17	1.2941
pleat	2996	3.2314	4	4.0
spelt	2990	3.239	10	3.6
dealt	2983	3.2393	17	2.5295
renal	2979	3.24	21	3.0476
taper	2987	3.2413	13	2.5385
panel	2983	3.2416	17	1.2353
crept	2989	3.2434	11	3.9093
decal	2987	3.2447	13	1.6922
lapse	2991	3.246	9	3.3333
trice	2980	3.2469	20	3.55
react	2984	3.2484	16	2.625
alert	2972	3.2507	28	3.0
cleat	2981	3.252	19	1.5263
trope	2982	3.253	18	2.9443
trial	2986	3.253	14	2.1429
spent	2995	3.253	5	2.8
train	2983	3.2543	17	1.7059
alter	2984	3.2544	16	2.7499
caste	2986	3.2557	14	1.0
tilde	2986	3.256	14	2.5
penal	2986	3.2563	14	3.0716
roast	2982	3.2587	18	2.389
trade	2991	3.259	9	1.6667
later	2982	3.2597	18	2.7222
spurt	2986	3.2597	14	2.0
crest	2981	3.2603	19	1.8947
saint	2981	3.2607	19	3.7895
drape	2981	3.2607	19	3.4735
trash	2990	3.261	10	2.8
steal	2994	3.2613	6	2.3333
snort	2987	3.2613	13	1.6154
eclat	2989	3.2613	11	1.9091
slice	2992	3.2613	8	1.75
scale	2985	3.262	15	2.8
scalp	2995	3.2647	5	2.8
place	2977	3.265	23	1.3043
tread	2978	3.2656	22	2.091
slain	2983	3.2657	17	0.8824
heart	2978	3.2663	22	2.0455
pecan	2985	3.2663	15	2.3333
stein	2982	3.267	18	2.4443
split	2994	3.2673	6	3.5
print	2992	3.268	8	2.625
scant	2983	3.268	17	1.2941
sport	2992	3.268	8	0.875
satin	2977	3.2693	23	3.7826
close	2989	3.2693	11	3.8182
tripe	2991	3.27	9	1.5556
splat	2993	3.2717	7	1.0
motel	2982	3.272	18	1.5556
scent	2988	3.2727	12	1.1667
stole	2983	3.274	17	1.2353
cater	2983	3.274	17	2.9412
parse	2990	3.2747	10	2.1
plant	2992	3.275	8	0.875
plane	2985	3.2753	15	1.8667
inlet	2973	3.2756	27	2.926
truce	2979	3.2757	21	4.1903
clout	2989	3.2763	11	1.9091
tried	2979	3.2763	21	3.0951
pried	2984	3.277	16	2.3125
clone	2984	3.277	16	2.7499
strip	2993	3.2773	7	1.0
pearl	2975	3.2779	25	1.44
adult	2987	3.2786	13	2.9231
snare	2980	3.2786	20	4.2498
tenor	2973	3.2797	27	2.7407
spear	2987	3.2797	13	2.8462
earth	2982	3.2803	18	2.7222
clean	2980	3.2804	20	0.35
spite	2978	3.2813	22	1.2727
stone	2987	3.282	13	2.2308
spilt	2990	3.282	10	1.4
paste	2992	3.2823	8	5.4997
strap	2992	3.2823	8	2.7499
plait	2989	3.2827	11	1.9091
triad	2982	3.2829	18	2.389
dance	2973	3.283	27	2.6296
since	2987	3.2836	13	0.5385
acorn	2983	3.2837	17	1.2941
laden	2980	3.284	20	2.5501
slope	2989	3.284	11	4.0909
crane	2982	3.2843	18	2.0
space	2984	3.2843	16	3.1251
delta	2979	3.2847	21	2.8571
adept	2985	3.2847	15	1.9333
their	2972	3.2848	28	0.75
slime	2980	3.2853	20	1.8
pulse	2987	3.2858	13	1.7693
baste	2984	3.2863	16	2.625
lance	2987	3.2863	13	2.6923
shalt	2993	3.2863	7	2.0
stern	2979	3.2867	21	2.4287
recut	2986	3.2867	14	3.0
snore	2982	3.2871	18	1.6667
tribe	2986	3.2873	14	4.5
cairn	2976	3.2874	24	3.125
crone	2973	3.2876	27	4.4077
clasp	2993	3.288	7	2.0
spout	2986	3.2884	14	2.0
smote	2989	3.2887	11	1.9091
plier	2979	3.289	21	2.8095
learn	2973	3.289	27	2.8519
meant	2984	3.289	16	2.25
coral	2984	3.2897	16	2.625
droit	2978	3.2897	22	1.9999
blade	2987	3.29	13	2.6923
paint	2987	3.2901	13	3.9232
heist	2980	3.2907	20	2.1
rinse	2987	3.2907	13	1.0769
metal	2985	3.2913	15	2.9332
shale	2986	3.2917	14	1.5714
store	2989	3.292	11	2.5455
gloat	2978	3.2923	22	1.9091
pride	2986	3.2923	14	0.5714
bleat	2991	3.2923	9	3.1111
spare	2982	3.2927	18	2.9443
first	2979	3.293	21	3.0
prone	2987	3.2933	13	1.6154
scone	2980	3.2934	20	4.3002
share	2976	3.294	24	2.3333
crust	2989	3.2943	11	0.6364
snout	2986	3.2943	14	1.5
tapir	2982	3.2943	18	1.2778
false	2982	3.2953	18	1.1667
teary	2971	3.2957	29	2.4483
brace	2983	3.297	17	2.4706
enact	2976	3.297	24	2.9583
large	2983	3.297	17	2.8824
maple	2989	3.297	11	3.1818
anode	2966	3.2974	34	1.4706
resin	2986	3.2976	14	1.6429
beast	2988	3.2977	12	3.0833
short	2987	3.2977	13	2.2308
heard	2968	3.298	32	1.5625
shirt	2979	3.298	21	1.7143
stair	2974	3.299	26	2.8462
talon	2989	3.299	11	2.7273
curse	2985	3.2994	15	1.9333
drone	2970	3.2996	30	2.2668
chart	2990	3.2997	10	4.2
pilot	2994	3.3003	6	2.3333
snail	2977	3.3004	23	2.1304
price	2983	3.3004	17	3.7059
cadet	2984	3.301	16	2.7499
grate	2981	3.3013	19	2.9474
aisle	2980	3.302	20	3.2499
spire	2984	3.302	16	1.75
unset	2976	3.302	24	3.5835
table	2992	3.3023	8	3.5
angle	2980	3.3024	20	1.55
actor	2979	3.303	21	2.6667
glade	2989	3.303	11	2.5455
smelt	2988	3.303	12	1.1667
suite	2989	3.3031	11	1.2727
posit	2982	3.3041	18	3.5555
irate	2976	3.3043	24	3.2917
pedal	2987	3.3044	13	2.1538
feast	2983	3.3047	17	1.8824
scare	2979	3.305	21	3.4286
smite	2983	3.3053	17	1.2353
adorn	2974	3.3053	26	2.4999
canoe	2968	3.3055	32	3.625
salon	2991	3.306	9	2.3333
plaid	2986	3.306	14	3.5715
saner	2975	3.306	25	3.2402
crisp	2985	3.3063	15	2.4
alone	2976	3.3063	24	2.4167
relic	2985	3.3063	15	1.4
merit	2977	3.3067	23	2.1304
polar	2977	3.3067	23	2.5652
bloat	2989	3.307	11	3.1818
realm	2983	3.3073	17	2.6471
spade	2980	3.3073	20	2.1999
thorn	2984	3.3073	16	0.875
snipe	2986	3.3074	14	1.5
tepid	2988	3.3074	12	3.5835
haste	2982	3.3077	18	1.6111
spiel	2991	3.3077	9	3.2222
cruel	2979	3.3079	21	2.6667
phase	2989	3.308	11	1.9999
tramp	2990	3.308	10	1.4
trend	2985	3.3083	15	3.0668
cried	2971	3.3084	29	2.4483
clear	2982	3.3087	18	0.7778
slide	2985	3.3087	15	2.3333
arise	2967	3.3089	33	2.6971
stand	2992	3.309	8	1.875
islet	2976	3.309	24	0.9166
grant	2982	3.309	18	1.5556
stain	2977	3.3096	23	3.1304
atone	2979	3.31	21	3.0476
lithe	2982	3.31	18	2.3333
shire	2972	3.31	28	2.893
those	2982	3.3103	18	2.0
front	2985	3.3117	15	3.3334
prime	2982	3.3117	18	1.6667
plain	2982	3.3123	18	1.9444
chant	2984	3.3123	16	3.1251
write	2978	3.3123	22	3.2273
smart	2989	3.3123	11	4.5455
ascot	2979	3.3127	21	2.8095
stage	2987	3.3127	13	1.7693
diner	2975	3.3128	25	1.4
score	2980	3.3134	20	2.5
latch	2990	3.3136	10	0.7
torch	2980	3.3137	20	2.45
inert	2986	3.314	14	3.1427
plied	2988	3.3147	12	1.75
crude	2972	3.315	28	1.5714
sedan	2989	3.315	11	2.5455
glean	2986	3.315	14	3.643
siren	2971	3.315	29	3.2415
scaly	2987	3.3153	13	2.6923
sloth	2994	3.3153	6	2.3333
glare	2978	3.3153	22	3.1818
recap	2990	3.316	10	2.1999
frost	2990	3.316	10	2.1
smile	2985	3.3166	15	2.4
cloth	2993	3.3167	7	2.0
horse	2981	3.3167	19	1.8947
blast	2997	3.3173	3	4.6667
glint	2985	3.3177	15	1.9333
plead	2986	3.3177	14	1.5
spore	2983	3.318	17	0.8824
agent	2976	3.318	24	3.0417
great	2981	3.318	19	3.5792
timer	2977	3.3181	23	3.3913
gland	2985	3.3183	15	3.4001
saute	2975	3.3184	25	1.68
louse	2976	3.3186	24	1.4583
brine	2978	3.3187	22	2.0455
until	2981	3.319	19	1.8421
risen	2982	3.319	18	2.0556
blare	2974	3.319	26	3.3462
setup	2984	3.319	16	2.25
remit	2981	3.319	19	1.6316
grail	2978	3.3193	22	2.8636
point	2973	3.3196	27	1.889
pesto	2988	3.3197	12	1.1667
clang	2986	3.3197	14	2.0714
arson	2984	3.3197	16	2.6876
adopt	2986	3.32	14	2.5714
tidal	2984	3.3201	16	1.3125
arose	2971	3.3203	29	1.6897
olden	2984	3.3203	16	0.9375
cable	2985	3.3203	15	2.5333
claim	2985	3.3204	15	0.9333
lathe	2979	3.3207	21	1.6667
mason	2986	3.321	14	4.0
apron	2981	3.3213	19	2.6316
bathe	2977	3.3214	23	3.7826
paler	2985	3.3223	15	2.9332
unlit	2981	3.3223	19	2.6316
count	2979	3.3223	21	3.381
tonal	2980	3.3224	20	3.55
slang	2990	3.3227	10	4.3002
leach	2983	3.3229	17	3.0001
burnt	2983	3.323	17	2.0588
court	2984	3.3232	16	3.9999
storm	2989	3.3233	11	1.9999
wrote	2983	3.3233	17	2.5881
perch	2984	3.3233	16	2.1875
scorn	2985	3.3233	15	2.4667
phone	2987	3.3234	13	0.5385
raise	2980	3.3237	20	1.5
hater	2980	3.324	20	3.65
stalk	2987	3.324	13	2.6923
donut	2977	3.3243	23	1.6087
chard	2982	3.3243	18	3.5
float	2987	3.3243	13	1.6154
berth	2986	3.3247	14	2.5
coast	2990	3.3247	10	2.9
onset	2985	3.3247	15	1.4666
staid	2986	3.3247	14	3.0716
tamer	2990	3.325	10	3.5
older	2967	3.325	33	2.1818
drain	2975	3.3253	25	2.32
lemon	2977	3.3253	23	1.2174
angel	2977	3.3254	23	1.8697
email	2985	3.3256	15	3.4001
alien	2979	3.3257	21	2.7143
scout	2975	3.3258	25	1.48
prune	2989	3.3259	11	0.7273
party	2988	3.326	12	2.4167
tubal	2990	3.326	10	0.8
lager	2976	3.3263	24	2.3333
spied	2980	3.3264	20	1.45
inept	2983	3.3267	17	0.8235
tiger	2975	3.3267	25	3.1601
shore	2983	3.327	17	2.5295
draft	2989	3.327	11	3.9093
comet	2987	3.328	13	2.6923
topic	2987	3.3283	13	2.1538
grade	2974	3.3286	26	2.2308
stead	2984	3.3287	16	3.4374
antic	2973	3.3287	27	2.9631
dream	2982	3.3287	18	1.9444
ramen	2989	3.3287	11	2.6364
brand	2983	3.3287	17	4.2353
flint	2982	3.3287	18	2.7222
spine	2984	3.329	16	1.3749
nurse	2978	3.329	22	1.9546
upset	2986	3.329	14	2.0714
angst	2986	3.329	14	1.5
blame	2989	3.3293	11	2.5455
blend	2985	3.3293	15	2.8668
solar	2984	3.3293	16	3.9999
salty	2990	3.3293	10	2.9
loath	2990	3.3294	10	3.6
depot	2982	3.3294	18	3.2222
aloft	2983	3.3297	17	4.1176
wrist	2985	3.3297	15	4.2666
flare	2982	3.331	18	2.7778
glide	2979	3.331	21	1.7619
leash	2985	3.331	15	3.3334
could	2985	3.3313	15	3.8667
clamp	2989	3.3313	11	2.6364
poser	2972	3.3313	28	3.3215
abled	2983	3.3313	17	2.8824
spend	2996	3.3317	4	1.75
purse	2989	3.3317	11	3.1818
prose	2982	3.3323	18	1.6111
frond	2990	3.3324	10	1.5
moist	2983	3.3324	17	3.7646
baler	2980	3.3326	20	1.9
refit	2981	3.3327	19	1.4737
forte	2992	3.3327	8	1.75
spoil	2990	3.333	10	1.4
stamp	2985	3.333	15	2.4
denim	2985	3.3333	15	3.7333
third	2984	3.3333	16	3.5625
ample	2987	3.3333	13	2.9231
stoic	2987	3.3334	13	2.9231
scald	2994	3.3337	6	2.3333
drift	2987	3.3337	13	1.1538
north	2987	3.3337	13	2.6923
carol	2982	3.334	18	2.0
erupt	2978	3.3343	22	2.409
psalm	2990	3.3343	10	2.8
artsy	2980	3.3344	20	1.45
smear	2984	3.3347	16	1.8125
patsy	2987	3.3347	13	3.2308
melon	2983	3.3349	17	4.2941
tempo	2991	3.335	9	0.7778
grape	2982	3.3353	18	2.5557
sauce	2985	3.3353	15	4.2666
chase	2985	3.3357	15	2.0
miser	2980	3.3357	20	3.3498
grace	2969	3.336	31	2.0967
marsh	2991	3.336	9	2.3333
debit	2981	3.336	19	2.5789
copse	2985	3.336	15	0.4667
scrap	2992	3.336	8	2.7499
burst	2987	3.3363	13	3.2308
broil	2982	3.3363	18	1.5556
inter	2969	3.3363	31	1.9355
sonar	2977	3.3366	23	2.7391
foist	2976	3.3367	24	2.6666
orbit	2977	3.3367	23	2.7391
cider	2978	3.3367	22	2.909
sharp	2990	3.3367	10	1.4
shape	2984	3.337	16	2.7499
moult	2988	3.3376	12	1.75
abort	2984	3.3377	16	1.3125
caput	2989	3.338	11	3.1818
snide	2975	3.338	25	2.96
cabin	2991	3.3383	9	3.2222
early	2972	3.3383	28	3.2858
shine	2977	3.3383	23	1.5217
route	2968	3.3383	32	2.4375
aider	2954	3.3386	46	3.0652
chest	2983	3.3386	17	1.2353
shunt	2983	3.3387	17	3.2941
cramp	2991	3.339	9	3.1111
slurp	2993	3.3393	7	4.0
lunge	2974	3.34	26	2.5383
hotel	2981	3.3403	19	1.9474
facet	2988	3.3403	12	2.4167
ulcer	2973	3.3406	27	3.148
beard	2972	3.3407	28	2.0
blurt	2984	3.341	16	0.875
octal	2982	3.341	18	2.8334
cloud	2987	3.3413	13	2.8462
shoal	2987	3.3413	13	1.6154
acrid	2981	3.3414	19	1.4737
retch	2986	3.3414	14	4.0714
clued	2980	3.3417	20	3.2999
snarl	2987	3.3417	13	1.6922
craft	2989	3.3417	11	1.2727
peril	2987	3.3417	13	2.3846
south	2979	3.3419	21	2.0477
shorn	2985	3.342	15	2.4
truly	2981	3.342	19	1.4737
baton	2986	3.342	14	3.7145
haunt	2980	3.342	20	2.1999
safer	2978	3.3423	22	2.2273
spice	2984	3.3423	16	2.25
cleft	2995	3.3423	5	2.8
grain	2974	3.3423	26	2.8077
grand	2981	3.3423	19	1.8947
horde	2985	3.3427	15	1.4666
torus	2978	3.3427	22	4.2729
brunt	2992	3.343	8	1.75
scion	2985	3.3433	15	2.4667
guilt	2980	3.3433	20	2.3001
blond	2992	3.3433	8	2.625
swine	2986	3.3434	14	3.0716
amble	2987	3.3437	13	1.6922
scold	2993	3.3437	7	3.0
spurn	2986	3.344	14	2.0
tonic	2992	3.344	8	2.125
tulip	2993	3.344	7	3.0
cream	2986	3.344	14	1.5714
caper	2982	3.3443	18	2.7778
nicer	2967	3.3447	33	2.6665
chore	2970	3.3447	30	2.4333
moral	2984	3.345	16	2.25
molar	2981	3.3451	19	3.4209
ralph	2990	3.3453	10	4.3002
mirth	2988	3.3453	12	1.25
loser	2981	3.3456	19	2.6316
labor	2980	3.3456	20	2.85
blind	2983	3.3457	17	1.7059
faint	2985	3.346	15	2.4
basil	2985	3.3463	15	3.2667
rapid	2982	3.3464	18	2.389
trawl	2992	3.3466	8	4.5
decor	2976	3.3467	24	3.8751
debar	2983	3.347	17	3.8234
chute	2983	3.347	17	2.9412
camel	2991	3.3474	9	4.6667
teach	2983	3.3476	17	2.8824
tardy	2983	3.3478	17	4.1765
reach	2976	3.348	24	2.0834
pause	2984	3.3483	16	1.3125
anime	2981	3.3483	19	1.8421
agile	2978	3.3483	22	2.909
tuber	2974	3.3484	26	3.3845
nadir	2974	3.3485	26	3.3462
towel	2981	3.3487	19	2.2105
stray	2981	3.349	19	3.3684
bread	2983	3.3491	17	2.1765
crimp	2992	3.3493	8	2.625
shone	2981	3.3493	19	3.3158
giant	2980	3.3493	20	2.8
waist	2989	3.3496	11	1.9091
credo	2986	3.35	14	3.0
medal	2986	3.35	14	3.1427
relay	2983	3.35	17	2.0588
palsy	2993	3.35	7	2.1429
align	2983	3.35	17	1.7059
liner	2980	3.35	20	0.7
groan	2980	3.3504	20	2.1501
sadly	2985	3.3504	15	3.8667
fruit	2982	3.351	18	2.389
stump	2990	3.351	10	2.1
cedar	2978	3.351	22	2.2273
flame	2981	3.351	19	3.0
wrest	2988	3.3513	12	1.1667
slump	2994	3.3514	6	4.8333
blunt	2988	3.3514	12	4.0833
feral	2981	3.3517	19	3.3158
panic	2976	3.3517	24	2.0417
stark	2986	3.352	14	1.0
rebut	2982	3.3523	18	2.389
smith	2989	3.3524	11	4.7275
notch	2984	3.3526	16	0.4375
track	2981	3.3527	19	2.2633
shied	2979	3.353	21	2.7619
flute	2984	3.353	16	3.1876
along	2978	3.3531	22	2.6364
flirt	2984	3.3533	16	3.5625
depth	2983	3.3533	17	1.2941
amend	2981	3.3533	19	2.5789
lurch	2986	3.3533	14	2.6429
daunt	2979	3.3536	21	1.7143
haute	2975	3.3537	25	2.0
midst	2984	3.3537	16	0.875
death	2974	3.3537	26	2.1923
sonic	2977	3.354	23	1.8261
frail	2987	3.354	13	1.6154
daily	2965	3.354	35	2.1143
clash	2991	3.354	9	0.8889
sweat	2983	3.354	17	1.2353
solid	2983	3.3543	17	3.0001
tunic	2979	3.3543	21	2.7619
crime	2984	3.3543	16	1.5
valet	2971	3.3546	29	4.4826
begat	2983	3.3547	17	1.2941
noise	2977	3.3547	23	2.261
board	2985	3.3547	15	3.9333
prude	2982	3.355	18	2.4443
bland	2994	3.3553	6	4.6667
deign	2975	3.3553	25	2.28
flier	2969	3.3554	31	1.871
super	2983	3.3556	17	2.5295
acute	2974	3.3557	26	2.3462
ultra	2980	3.3557	20	2.1
untie	2972	3.3561	28	2.8573
shame	2985	3.3567	15	2.3333
shade	2983	3.3567	17	1.6471
boule	2975	3.3569	25	1.68
shaft	2985	3.357	15	2.3333
metro	2982	3.357	18	2.7778
brute	2984	3.357	16	3.0625
hoist	2975	3.3573	25	1.68
slink	2984	3.3574	16	1.75
steam	2987	3.3577	13	2.2308
stomp	2988	3.358	12	1.1667
crush	2982	3.358	18	4.0556
goner	2963	3.3582	37	1.5676
farce	2986	3.3583	14	2.0
borne	2979	3.3584	21	2.0951
fecal	2986	3.3586	14	2.0
grunt	2985	3.3587	15	2.8
cheat	2983	3.3587	17	0.8235
outer	2978	3.3589	22	3.3636
probe	2980	3.3597	20	3.15
utile	2980	3.3597	20	2.5
satyr	2983	3.3599	17	1.6471
scamp	2992	3.36	8	2.625
shear	2982	3.36	18	1.6111
sperm	2990	3.36	10	2.8
boast	2989	3.36	11	1.9091
lodge	2980	3.3603	20	3.5
miner	2974	3.3603	26	1.7308
mince	2976	3.3606	24	2.9583
unite	2963	3.3606	37	2.8918
skirt	2985	3.3607	15	3.3334
nasty	2986	3.3607	14	2.6429
singe	2983	3.3607	17	3.0001
crony	2985	3.3607	15	2.3333
dunce	2976	3.3609	24	3.2917
drawl	2984	3.361	16	2.625
golem	2983	3.361	17	2.0588
poise	2983	3.361	17	3.2941
bride	2980	3.3613	20	2.95
chair	2976	3.3614	24	2.4583
prawn	2991	3.3614	9	1.6667
grasp	2992	3.3616	8	2.625
gruel	2975	3.3617	25	3.4402
dwelt	2991	3.3617	9	1.6667
broad	2983	3.3617	17	2.1176
hound	2983	3.362	17	2.5295
impel	2990	3.362	10	1.4
yeast	2979	3.362	21	1.7143
twirl	2988	3.3621	12	3.0
idler	2966	3.3623	34	2.3825
micro	2984	3.3623	16	2.6876
grope	2979	3.3623	21	3.0476
carve	2981	3.3623	19	1.1053
plush	2992	3.3624	8	1.75
tipsy	2988	3.3626	12	1.75
pound	2987	3.3626	13	1.6922
thief	2978	3.3627	22	2.909
range	2972	3.3629	28	2.5714
sneak	2982	3.3632	18	3.2222
chain	2975	3.3633	25	3.1601
crawl	2993	3.3634	7	2.1429
slack	2989	3.3636	11	3.1818
swear	2977	3.3636	23	1.8261
uncle	2983	3.3637	17	2.5881
month	2987	3.364	13	2.1538
model	2981	3.3643	19	2.2633
intro	2968	3.3644	32	2.0312
ratio	2969	3.3644	31	1.3872
shout	2978	3.3647	22	1.9999
cling	2992	3.3647	8	0.875
fried	2985	3.365	15	2.8668
climb	2986	3.365	14	2.5
child	2980	3.365	20	1.85
grime	2977	3.365	23	2.5652
baron	2982	3.365	18	2.389
stake	2985	3.365	15	1.4666
wield	2983	3.3651	17	2.5295
noble	2977	3.3654	23	1.2609
chirp	2976	3.3656	24	1.25
edict	2979	3.3657	21	3.0476
corny	2984	3.3657	16	1.75
serum	2981	3.3657	19	3.3684
worst	2993	3.366	7	3.0
story	2975	3.366	25	1.12
mount	2982	3.3663	18	2.7778
water	2983	3.3663	17	2.4706
eight	2969	3.3663	31	3.5163
proud	2983	3.3663	17	1.2941
scram	2989	3.3663	11	3.1818
anger	2972	3.3663	28	2.0357
froth	2983	3.3667	17	1.6471
manor	2984	3.367	16	2.7499
blush	2991	3.367	9	3.8889
tumor	2986	3.367	14	3.7145
birth	2984	3.367	16	3.6875
flout	2989	3.3673	11	2.5455
patch	2987	3.3674	13	1.0769
rifle	2983	3.3674	17	2.5295
throb	2986	3.3676	14	3.5715
ripen	2987	3.3676	13	1.8462
shard	2985	3.3677	15	3.8667
sound	2986	3.3677	14	2.0
sling	2982	3.3677	18	2.7778
coupe	2982	3.3682	18	3.1667
lemur	2969	3.3683	31	3.0646
fiend	2976	3.3683	24	2.0417
ingot	2976	3.3684	24	1.2917
pinto	2979	3.3686	21	3.762
ranch	2982	3.3687	18	3.1111
ideal	2975	3.3687	25	2.24
march	2989	3.369	11	3.9093
ounce	2965	3.369	35	2.2572
pansy	2993	3.369	7	1.0
drawn	2984	3.3693	16	2.25
heron	2982	3.3693	18	4.0556
fetal	2991	3.3693	9	3.2222
trump	2991	3.3697	9	3.8889
lusty	2993	3.3697	7	2.1429
gripe	2987	3.37	13	2.7692
hoard	2972	3.37	28	2.7858
optic	2981	3.37	19	1.9474
gleam	2986	3.37	14	2.5
tango	2982	3.3706	18	2.0
flash	2994	3.3707	6	3.5
grout	2973	3.3707	27	3.3333
randy	2972	3.371	28	2.5357
locus	2982	3.371	18	1.1667
straw	2985	3.371	15	1.8667
vault	2972	3.371	28	2.6071
crave	2982	3.371	18	2.0
patio	2990	3.3713	10	3.0
cutie	2986	3.3716	14	1.5
reign	2976	3.3717	24	2.0417
bugle	2989	3.372	11	1.9091
chose	2983	3.372	17	1.2941
sting	2977	3.3721	23	2.2175
modal	2990	3.3723	10	2.8
built	2982	3.3723	18	2.0
bicep	2984	3.3723	16	3.6875
filet	2982	3.3726	18	1.5556
after	2982	3.3727	18	2.9443
braid	2982	3.3727	18	2.9443
groin	2975	3.3727	25	2.6399
whale	2980	3.3729	20	1.75
bilge	2988	3.373	12	3.5
lumen	2978	3.3733	22	1.9999
porch	2985	3.3737	15	2.4
stank	2985	3.3737	15	3.7333
plume	2986	3.374	14	2.5
thong	2983	3.374	17	2.2353
waste	2987	3.374	13	1.6154
elfin	2987	3.374	13	2.7692
regal	2985	3.3743	15	3.2667
delay	2980	3.3744	20	2.5
fault	2992	3.375	8	1.75
adore	2965	3.3751	35	2.0857
sinew	2981	3.3753	19	3.8421
slick	2986	3.3757	14	1.5
scrum	2983	3.3757	17	3.2941
touch	2983	3.376	17	2.5295
rainy	2965	3.3763	35	3.5141
input	2975	3.3764	25	2.32
aping	2974	3.3765	26	2.9615
ghost	2985	3.3767	15	0.4667
stave	2982	3.377	18	1.9444
round	2977	3.377	23	2.174
debut	2976	3.3773	24	1.4583
scarf	2983	3.3776	17	2.5295
gaunt	2976	3.3776	24	3.625
mouse	2982	3.3777	18	2.7222
slung	2980	3.3777	20	3.2499
morph	2988	3.3783	12	1.75
opine	2974	3.3783	26	3.154
ocean	2974	3.3783	26	2.1923
chord	2975	3.3783	25	1.4
rusty	2991	3.3783	9	1.5556
sprig	2989	3.3786	11	3.9093
sandy	2981	3.3786	19	3.7368
chaos	2980	3.3787	20	1.75
skate	2985	3.3788	15	2.8
bring	2981	3.379	19	2.5789
clown	2989	3.3793	11	1.2727
churn	2978	3.3793	22	2.2728
macro	2981	3.3794	19	3.8421
stork	2982	3.3797	18	2.3333
dutch	2983	3.3797	17	2.5295
brain	2985	3.38	15	2.8
admit	2987	3.38	13	1.1538
globe	2987	3.38	13	2.1538
peach	2984	3.3807	16	2.3125
punch	2990	3.3807	10	0.7
aptly	2984	3.3807	16	1.8125
avert	2974	3.381	26	2.0383
ridge	2974	3.381	26	1.1538
fetid	2982	3.381	18	2.4443
under	2973	3.381	27	2.8889
thrum	2991	3.3813	9	3.8889
crypt	2983	3.3814	17	1.2941
tonga	2981	3.3814	19	1.8421
demon	2987	3.3814	13	3.3078
lunch	2990	3.3816	10	3.5
taker	2975	3.3816	25	3.4402
beach	2977	3.3816	23	0.913
clump	2993	3.3817	7	3.0
sober	2982	3.3817	18	3.1667
tower	2980	3.3817	20	2.5
crash	2987	3.3817	13	3.2308
rivet	2975	3.3819	25	1.68
bagel	2983	3.382	17	2.1765
swirl	2987	3.382	13	2.1538
swept	2992	3.3823	8	3.625
flair	2978	3.3823	22	2.9545
drake	2963	3.3823	37	2.5677
robin	2981	3.3824	19	4.2107
clung	2984	3.3826	16	3.0625
lingo	2978	3.3826	22	2.2728
girth	2974	3.3827	26	2.7308
mange	2981	3.3827	19	2.6843
rabid	2977	3.383	23	2.4783
gusto	2983	3.383	17	0.8235
twine	2981	3.3831	19	1.1053
prong	2990	3.3833	10	2.1
guest	2977	3.3834	23	1.5652
incur	2970	3.3834	30	2.6334
forth	2986	3.3836	14	1.5714
charm	2986	3.3836	14	2.0
hinge	2970	3.384	30	1.9667
midge	2978	3.384	22	2.9999
focal	2984	3.384	16	1.75
admin	2987	3.3843	13	2.1538
amuse	2977	3.3843	23	0.913
lunar	2977	3.3844	23	1.8697
final	2980	3.3847	20	1.75
cumin	2979	3.3847	21	1.6667
china	2984	3.3847	16	3.0625
mural	2987	3.3847	13	2.1538
force	2984	3.385	16	2.25
ditch	2982	3.3854	18	1.6667
audit	2974	3.3857	26	2.8462
syrup	2984	3.386	16	4.5
cause	2985	3.386	15	2.4
sepia	2984	3.386	16	1.3125
style	2981	3.3864	19	2.2105
stony	2979	3.3865	21	2.0
graph	2983	3.3866	17	3.2941
aside	2975	3.3866	25	2.4
forge	2978	3.3867	22	0.9545
minor	2990	3.3867	10	2.9
shift	2988	3.3867	12	1.25
mourn	2979	3.3867	21	2.381
frame	2979	3.387	21	1.7143
nomad	2982	3.3871	18	3.1111
chafe	2980	3.3873	20	3.2499
prism	2992	3.3873	8	2.625
noisy	2972	3.3876	28	2.893
gamer	2974	3.3876	26	2.4615
guile	2975	3.3877	25	1.12
twice	2986	3.3877	14	4.1429
snack	2984	3.388	16	3.5625
weird	2978	3.388	22	1.5909
fable	2983	3.3883	17	2.4706
stung	2979	3.3883	21	1.6667
brake	2964	3.3886	36	2.2223
flush	2984	3.389	16	2.1875
cheap	2988	3.389	12	3.0833
throw	2988	3.3893	12	2.9167
basin	2979	3.3894	21	1.7619
scour	2984	3.3897	16	1.875
broth	2986	3.3897	14	3.5715
disco	2977	3.3899	23	4.1741
cigar	2975	3.39	25	2.1199
manic	2981	3.39	19	2.6843
batch	2985	3.39	15	1.8667
mealy	2981	3.39	19	2.2633
felon	2986	3.3903	14	3.2143
pitch	2984	3.3903	16	1.5
ethic	2976	3.3904	24	0.875
brief	2971	3.3904	29	1.7587
clerk	2978	3.3907	22	2.5909
finer	2970	3.3909	30	3.3665
filer	2976	3.391	24	2.4583
loamy	2978	3.3914	22	2.2728
rouse	2973	3.3916	27	1.8148
bonus	2983	3.3917	17	2.0588
shrew	2983	3.3917	17	2.0588
trick	2979	3.392	21	2.3333
repay	2983	3.3926	17	1.6471
mouth	2980	3.393	20	2.5
amber	2981	3.393	19	3.4209
crowd	2990	3.393	10	1.4
worth	2984	3.393	16	2.25
lucid	2975	3.3934	25	3.12
taken	2975	3.3938	25	1.44
fresh	2981	3.394	19	1.5789
pasty	2981	3.3943	19	1.5263
field	2984	3.3946	16	1.75
world	2985	3.3947	15	2.8
snake	2989	3.395	11	2.6364
payer	2969	3.395	31	3.2579
gnash	2986	3.395	14	2.5
niche	2970	3.3953	30	2.4333
knelt	2974	3.3953	26	2.4231
grind	2970	3.3953	30	2.6
mulch	2990	3.3953	10	3.6
threw	2979	3.3953	21	1.381
worse	2987	3.3956	13	4.3077
brash	2984	3.3956	16	2.6876
basic	2986	3.3957	14	3.643
harem	2982	3.396	18	1.2778
wrath	2990	3.396	10	0.7
spawn	2996	3.3963	4	3.5
wince	2982	3.3963	18	2.0
infer	2975	3.3963	25	1.44
serif	2988	3.3963	12	1.1667
sumac	2993	3.3964	7	3.0
grief	2977	3.3966	23	1.5217
stuck	2977	3.3967	23	3.1739
croup	2977	3.3969	23	2.4783
synod	2988	3.397	12	2.9167
guild	2983	3.3972	17	2.1765
trunk	2984	3.3973	16	2.6876
would	2984	3.3973	16	3.9375
surge	2980	3.3973	20	3.15
raspy	2988	3.3973	12	3.0
afire	2974	3.3976	26	2.1923
slunk	2982	3.3977	18	2.3333
lurid	2979	3.3977	21	2.381
other	2981	3.3977	19	2.6316
bound	2986	3.3977	14	2.5714
skier	2975	3.3979	25	2.96
scary	2978	3.398	22	1.2727
abide	2981	3.398	19	1.8421
purge	2981	3.398	19	1.4737
demur	2981	3.398	19	1.2106
feign	2970	3.3983	30	3.1001
nudge	2981	3.3983	19	3.2105
build	2975	3.3983	25	2.24
datum	2993	3.3983	7	3.0
manly	2986	3.3986	14	1.0714
chasm	2989	3.399	11	1.2727
vital	2981	3.399	19	3.4209
belch	2991	3.399	9	1.5556
habit	2977	3.399	23	1.913
rehab	2977	3.3991	23	4.1306
deity	2968	3.3993	32	2.0
spank	2990	3.3993	10	1.4
swath	2993	3.3994	7	1.0
ombre	2984	3.3997	16	2.1875
flora	2977	3.4	23	3.3913
clank	2986	3.4	14	1.5
homer	2965	3.4	35	2.0571
cameo	2978	3.4	22	2.2728
piety	2981	3.4003	19	3.4209
sworn	2985	3.4003	15	1.8667
plank	2990	3.4007	10	3.7
bigot	2977	3.401	23	2.9129
munch	2989	3.401	11	0.6364
sword	2993	3.401	7	3.0
adobe	2980	3.4013	20	2.1501
mound	2988	3.4013	12	0.5833
chime	2982	3.4014	18	0.7778
gamut	2986	3.402	14	1.5714
sight	2992	3.402	8	2.7499
steak	2985	3.402	15	3.3334
royal	2984	3.4023	16	3.75
speak	2985	3.4024	15	0.4667
spiny	2987	3.4027	13	2.7692
login	2976	3.4027	24	2.7083
roach	2978	3.4027	22	2.5909
prowl	2992	3.4027	8	2.625
smack	2993	3.4027	7	2.0
suing	2980	3.4027	20	3.7
ankle	2979	3.4027	21	2.8095
candy	2984	3.4029	16	3.5625
chump	2992	3.403	8	3.625
swore	2984	3.403	16	1.75
reply	2981	3.403	19	2.5789
match	2990	3.403	10	3.6
sower	2977	3.403	23	2.7826
screw	2979	3.4033	21	2.4287
diary	2964	3.4033	36	1.9722
bowel	2990	3.4033	10	2.1
daisy	2973	3.4034	27	3.0001
primo	2987	3.4036	13	2.2308
drank	2982	3.4037	18	2.3333
biome	2979	3.4037	21	2.7619
cargo	2977	3.4037	23	2.5217
prank	2986	3.4037	14	2.6429
pinch	2988	3.4037	12	2.4167
tangy	2976	3.404	24	2.6666
cower	2972	3.404	28	2.5
spicy	2976	3.404	24	2.0834
sugar	2984	3.404	16	2.375
gnome	2980	3.4043	20	3.2
urban	2980	3.4043	20	2.5
surly	2983	3.4043	17	2.0588
crump	2991	3.4044	9	2.3333
today	2970	3.4044	30	2.6334
aloud	2977	3.4046	23	1.9565
yearn	2963	3.4047	37	3.0
light	2983	3.4047	17	1.6471
crank	2979	3.4049	21	4.1429
entry	2976	3.4049	24	3.3752
epoch	2988	3.405	12	0.5833
aphid	2987	3.405	13	2.3077
badly	2987	3.4053	13	2.2308
spray	2989	3.4053	11	3.2727
minus	2984	3.4054	16	1.75
layer	2971	3.4054	29	3.276
brush	2985	3.4054	15	0.4667
medic	2987	3.4057	13	1.1538
stack	2982	3.4057	18	1.5556
thump	2985	3.4061	15	0.4667
crown	2990	3.4063	10	2.1
trove	2981	3.4063	19	1.8421
fetus	2988	3.4067	12	3.5
chide	2982	3.4067	18	2.4443
opera	2972	3.407	28	2.0714
lousy	2986	3.407	14	3.0716
badge	2984	3.4074	16	2.25
often	2980	3.4074	20	2.95
dirty	2969	3.4074	31	3.2579
stick	2979	3.4076	21	2.4287
stove	2982	3.4077	18	1.9444
group	2980	3.4077	20	1.55
swarm	2991	3.4077	9	3.1111
radio	2971	3.4079	29	3.9658
ashen	2985	3.408	15	3.8
unmet	2981	3.4081	19	1.4737
nosey	2959	3.4081	41	3.1706
blank	2988	3.4083	12	2.3333
chalk	2992	3.4087	8	2.0
phony	2981	3.4087	19	2.6843
guide	2963	3.409	37	2.3783
wiser	2978	3.409	22	1.9999
begin	2980	3.409	20	2.1
urine	2972	3.409	28	2.0714
lefty	2972	3.409	28	2.5357
barge	2980	3.409	20	1.0999
began	2978	3.4093	22	2.2273
vaunt	2974	3.4093	26	3.4998
sleet	2978	3.4093	22	2.909
black	2991	3.4094	9	0.7778
curly	2980	3.4096	20	2.1
gonad	2979	3.4097	21	3.0476
dirge	2972	3.4097	28	2.3927
nerdy	2977	3.41	23	2.261
rouge	2970	3.4103	30	2.1
stink	2975	3.4103	25	2.0
bluer	2974	3.4103	26	2.7308
ready	2980	3.4106	20	2.9
salve	2990	3.4107	10	2.1999
rayon	2976	3.4107	24	2.9583
musty	2982	3.4107	18	1.5556
pluck	2986	3.4107	14	3.0
unfit	2977	3.411	23	0.9565
drown	2988	3.411	12	2.4167
drunk	2987	3.411	13	2.6923
vocal	2979	3.4113	21	2.0477
lyric	2982	3.4116	18	3.1667
bulge	2976	3.4117	24	2.3333
fetch	2992	3.4117	8	0.875
anvil	2974	3.4117	26	3.769
rhino	2979	3.412	21	1.0
truck	2982	3.4124	18	1.9444
spike	2992	3.4127	8	2.7499
scope	2991	3.4127	9	4.6667
bacon	2980	3.413	20	3.2499
hotly	2987	3.413	13	2.7692
spunk	2987	3.4133	13	2.6923
album	2988	3.4133	12	2.3333
ghoul	2969	3.4134	31	2.3226
organ	2973	3.4136	27	1.3333
thing	2975	3.4137	25	1.96
thank	2977	3.4137	23	2.4783
bison	2979	3.4137	21	2.7143
piney	2967	3.4137	33	2.6062
media	2972	3.4137	28	2.8215
butch	2987	3.4137	13	2.3846
house	2970	3.4139	30	1.4334
whole	2982	3.414	18	3.5
inlay	2978	3.414	22	1.0
argue	2969	3.4142	31	1.4193
drink	2978	3.4143	22	4.2274
amply	2985	3.4143	15	2.4
piano	2974	3.4143	26	2.1923
botch	2979	3.4144	21	2.0477
alike	2976	3.4146	24	1.25
valid	2974	3.4147	26	3.0385
filth	2988	3.4147	12	0.5833
meaty	2981	3.415	19	1.4737
scowl	2995	3.415	5	2.8
plunk	2989	3.4153	11	1.9999
gulch	2978	3.4156	22	3.2727
flask	2989	3.4157	11	2.5455
brave	2977	3.416	23	2.5652
right	2974	3.4163	26	2.6923
voter	2965	3.4165	35	2.8572
abode	2972	3.4166	28	3.4287
creak	2970	3.4166	30	2.5667
slimy	2984	3.4167	16	1.8125
weary	2961	3.4169	39	2.9744
decay	2985	3.417	15	2.3333
motif	2979	3.417	21	1.381
fraud	2977	3.4172	23	1.6957
valor	2970	3.4173	30	2.4333
stoke	2978	3.4173	22	3.2273
devil	2978	3.4176	22	1.9546
bleak	2985	3.4177	15	1.8667
shank	2991	3.4177	9	3.8889
graft	2986	3.4177	14	3.0
liken	2971	3.4179	29	1.5172
turbo	2983	3.418	17	1.6471
flour	2983	3.4183	17	1.6471
amity	2975	3.4186	25	1.4
grave	2973	3.4187	27	2.4073
yield	2984	3.419	16	1.75
bused	2989	3.419	11	2.7273
doubt	2983	3.4193	17	1.2353
shady	2982	3.4193	18	2.389
cavil	2980	3.4193	20	1.85
cobra	2985	3.4194	15	3.8
choir	2973	3.4196	27	3.1853
flake	2979	3.4197	21	1.7143
rebus	2983	3.4197	17	2.4706
mercy	2981	3.4199	19	2.2105
found	2994	3.4206	6	2.5
doing	2982	3.4207	18	2.0556
birch	2985	3.421	15	3.8
about	2979	3.421	21	2.3333
mogul	2981	3.421	19	2.2105
bench	2978	3.421	22	3.682
blink	2985	3.4213	15	2.4667
finch	2984	3.4213	16	3.5625
among	2977	3.4216	23	2.1304
thumb	2978	3.4216	22	1.5909
whine	2976	3.4216	24	1.75
matey	2979	3.4216	21	3.381
carat	2976	3.4217	24	2.375
night	2978	3.4217	22	1.0455
welsh	2989	3.422	11	2.6364
dusty	2977	3.422	23	2.826
soapy	2984	3.422	16	1.75
flesh	2992	3.4223	8	2.625
guard	2977	3.4224	23	3.087
whelp	2994	3.4227	6	2.3333
stock	2973	3.4227	27	2.926
liver	2973	3.4229	27	3.2591
break	2976	3.423	24	2.7499
block	2991	3.4233	9	3.1111
glory	2983	3.4237	17	0.8235
watch	2987	3.424	13	2.6923
shawl	2992	3.4243	8	1.75
decry	2977	3.4243	23	2.7826
madly	2987	3.4243	13	3.0
brawn	2980	3.4243	20	2.8
widen	2980	3.4247	20	1.8
decoy	2965	3.4247	35	2.4573
overt	2968	3.4247	32	1.875
clink	2984	3.4247	16	5.4375
lofty	2987	3.425	13	2.1538
gavel	2981	3.4253	19	3.6842
shelf	2988	3.4256	12	2.9167
tease	2979	3.4257	21	2.7619
tough	2971	3.4259	29	2.069
abuse	2977	3.426	23	2.826
horny	2985	3.426	15	4.2666
viral	2980	3.426	20	2.1
harpy	2977	3.4263	23	2.4783
raven	2988	3.4263	12	3.5
spark	2989	3.4263	11	1.9091
below	2981	3.4264	19	2.2105
solve	2979	3.4264	21	2.4763
gaily	2981	3.4267	19	2.3684
speck	2995	3.4267	5	1.4
binge	2973	3.4267	27	2.9631
scrub	2988	3.4267	12	3.5835
pouty	2985	3.4267	15	3.4001
twang	2993	3.427	7	1.0
faith	2981	3.427	19	2.5789
polka	2986	3.427	14	2.6429
dowel	2981	3.4273	19	2.3157
flume	2987	3.4273	13	3.2308
logic	2982	3.4273	18	2.0556
dimly	2990	3.4273	10	1.6
wrong	2985	3.4276	15	2.4
spoke	2989	3.4276	11	3.1818
leafy	2982	3.4277	18	1.5556
think	2977	3.428	23	2.174
shrub	2988	3.428	12	2.9167
frank	2983	3.428	17	4.2941
human	2983	3.428	17	2.0588
music	2986	3.4284	14	1.0714
fluid	2981	3.4287	19	4.0526
plumb	2995	3.4287	5	1.4
ethos	2974	3.4289	26	1.9231
budge	2985	3.429	15	2.3333
endow	2978	3.4291	22	1.5909
bloke	2979	3.4292	21	3.4762
fling	2984	3.4293	16	1.3749
novel	2972	3.4297	28	2.5714
beady	2978	3.4297	22	3.591
elate	2972	3.4299	28	3.393
hasty	2980	3.43	20	2.5
clove	2987	3.43	13	2.6923
gayer	2969	3.4302	31	3.0001
shirk	2981	3.4303	19	1.1053
buyer	2966	3.4306	34	2.0001
ovate	2970	3.4307	30	2.6668
vapor	2978	3.431	22	1.9546
whose	2978	3.4312	22	1.9546
caulk	2992	3.4313	8	2.7499
prick	2982	3.4313	18	3.722
knead	2973	3.4313	27	1.9629
white	2987	3.432	13	5.1535
elbow	2981	3.4324	19	3.1579
fiery	2964	3.4327	36	3.2778
brink	2973	3.433	27	2.3703
befit	2988	3.433	12	1.1667
growl	2988	3.4333	12	2.3333
neigh	2974	3.434	26	1.8846
guise	2977	3.434	23	2.8694
drive	2973	3.434	27	3.0372
image	2977	3.4343	23	2.7391
blown	2993	3.4343	7	3.2859
shake	2981	3.4343	19	1.4737
stunk	2986	3.4343	14	2.0
power	2983	3.4343	17	3.8234
rogue	2977	3.4344	23	1.5217
flank	2982	3.4346	18	1.5556
shiny	2979	3.4347	21	3.4286
while	2989	3.435	11	3.1818
laugh	2986	3.435	14	4.0714
naive	2972	3.4351	28	3.607
navel	2982	3.4353	18	1.6667
pouch	2991	3.4353	9	1.5556
gusty	2980	3.4353	20	3.4501
scuba	2983	3.436	17	2.4706
moldy	2974	3.436	26	2.2308
vista	2976	3.436	24	2.0834
briny	2981	3.436	19	1.1578
coven	2979	3.4363	21	3.0951
terse	2981	3.4366	19	3.8947
might	2981	3.4367	19	2.6843
hardy	2986	3.4369	14	4.2143
hovel	2974	3.437	26	2.7308
godly	2988	3.437	12	1.25
angry	2972	3.437	28	2.5714
mango	2983	3.437	17	2.0588
gourd	2978	3.437	22	2.5909
dairy	2963	3.4373	37	2.4865
study	2980	3.4376	20	1.85
bingo	2972	3.4377	28	1.5714
token	2983	3.4379	17	0.8235
dicey	2967	3.4383	33	2.2121
flyer	2979	3.4384	21	2.6667
poker	2981	3.4386	19	1.8947
cover	2969	3.4387	31	2.8065
welch	2987	3.439	13	1.0769
being	2977	3.439	23	1.8261
tract	2976	3.4394	24	2.6666
vicar	2976	3.4394	24	2.4167
tying	2973	3.4396	27	3.1853
limbo	2981	3.4397	19	2.2105
duvet	2977	3.4397	23	1.2609
brawl	2990	3.44	10	2.9
diver	2967	3.44	33	2.4243
shark	2983	3.44	17	2.0588
alive	2978	3.4403	22	2.6364
wheat	2981	3.4406	19	3.4209
shown	2990	3.4407	10	2.1999
wound	2978	3.4407	22	4.1819
debug	2977	3.4409	23	1.5217
swamp	2990	3.441	10	1.5
snuck	2983	3.441	17	2.1765
thyme	2977	3.4413	23	0.913
tawny	2983	3.4413	17	2.9412
dingy	2964	3.4417	36	2.8334
smirk	2987	3.4417	13	0.5385
unfed	2980	3.4417	20	1.75
forty	2980	3.442	20	2.45
whirl	2977	3.442	23	2.4348
warty	2982	3.4423	18	2.0556
taint	2973	3.4424	27	2.6667
humor	2980	3.4424	20	2.5501
blimp	2994	3.4427	6	3.5
still	2982	3.4427	18	1.9444
verso	2981	3.4427	19	3.4209
curio	2972	3.4429	28	2.5714
gaudy	2975	3.443	25	2.0401
honey	2976	3.4433	24	2.0417
imply	2986	3.4437	14	1.5
poesy	2983	3.4437	17	2.8824
pivot	2983	3.4437	17	4.2353
mocha	2975	3.444	25	2.0401
cease	2976	3.444	24	2.1251
stall	2984	3.444	16	2.25
aunty	2975	3.444	25	2.4
dumpy	2994	3.444	6	1.1667
silky	2979	3.4443	21	1.6667
owner	2972	3.4443	28	2.6071
evict	2986	3.4447	14	2.0714
flung	2989	3.445	11	3.2727
cyber	2980	3.4453	20	3.5
broke	2972	3.4457	28	1.6071
foray	2967	3.4459	33	1.5152
derby	2978	3.446	22	2.2728
sigma	2986	3.446	14	1.0
voice	2969	3.4461	31	1.871
reset	2986	3.4463	14	2.5714
flock	2987	3.4463	13	2.1538
femur	2974	3.4463	26	2.7692
cloak	2983	3.4467	17	3.8822
girly	2982	3.4467	18	2.3333
rough	2982	3.4467	18	2.0556
wider	2965	3.4469	35	2.4
covet	2983	3.447	17	1.2941
elect	2978	3.447	22	2.2728
rival	2973	3.4473	27	2.2593
begun	2977	3.4474	23	3.1304
minty	2972	3.4474	28	2.8215
width	2978	3.4476	22	3.1818
glove	2983	3.4476	17	1.2353
prove	2981	3.448	19	1.5263
curve	2969	3.448	31	2.2903
swift	2989	3.448	11	1.9999
lower	2984	3.4481	16	3.75
macho	2981	3.4483	19	1.1053
rumba	2985	3.4483	15	2.3333
halve	2976	3.4487	24	2.3333
drove	2977	3.4493	23	2.8694
champ	2992	3.4493	8	3.625
hyena	2965	3.4493	35	2.7144
shrug	2977	3.4493	23	4.0436
baker	2973	3.4496	27	1.8148
magic	2979	3.45	21	2.3333
stilt	2984	3.45	16	3.0625
stint	2981	3.4503	19	2.6316
maker	2983	3.4503	17	1.2353
balmy	2990	3.4507	10	2.1
elite	2978	3.451	22	2.2728
craze	2969	3.451	31	2.613
agony	2983	3.4513	17	2.4706
lover	2967	3.4516	33	2.9396
brick	2985	3.4517	15	1.8667
lease	2974	3.4517	26	2.6923
saucy	2977	3.452	23	2.4783
title	2983	3.452	17	1.7647
shove	2980	3.4524	20	3.15
toast	2979	3.4527	21	3.0951
chief	2987	3.453	13	2.1538
altar	2971	3.453	29	1.6897
smock	2992	3.453	8	1.75
mower	2989	3.4531	11	3.1818
leaky	2974	3.4537	26	2.4615
usage	2977	3.4537	23	3.3913
cough	2979	3.4537	21	2.4287
fluke	2987	3.454	13	2.2308
treat	2968	3.454	32	2.875
humid	2986	3.454	14	2.5
brisk	2987	3.455	13	1.6922
troop	2973	3.4553	27	3.2222
grown	2986	3.4557	14	2.5714
pithy	2981	3.4557	19	2.2105
frisk	2981	3.456	19	2.2105
foyer	2971	3.4567	29	1.4828
canal	2982	3.4567	18	2.0556
croak	2983	3.457	17	1.7059
lying	2979	3.457	21	2.3333
oaken	2957	3.457	43	2.558
olive	2970	3.4573	30	2.8
exact	2969	3.4573	31	2.2903
salvo	2985	3.4573	15	1.8667
bunch	2992	3.4574	8	0.875
flown	2988	3.458	12	1.75
crumb	2988	3.458	12	3.5835
usher	2968	3.458	32	2.0312
yacht	2972	3.4584	28	0.7857
ladle	2965	3.4584	35	2.3713
prize	2966	3.4586	34	1.9411
handy	2982	3.4586	18	3.6665
hyper	2974	3.4587	26	3.2691
freak	2973	3.459	27	2.8148
lymph	2987	3.4591	13	1.0769
pubic	2987	3.4593	13	3.4615
dogma	2981	3.4596	19	0.7895
knife	2973	3.46	27	2.4443
eater	2961	3.46	39	2.5896
dingo	2968	3.4603	32	2.3125
natal	2981	3.4607	19	1.9474
eaten	2979	3.4607	21	1.7619
fleck	2983	3.4607	17	2.1176
tense	2987	3.4607	13	1.6922
mayor	2975	3.461	25	2.24
start	2974	3.461	26	3.6925
thick	2984	3.4616	16	1.8125
focus	2991	3.4617	9	1.5556
empty	2984	3.4617	16	3.1251
snowy	2982	3.462	18	2.8334
flack	2989	3.462	11	2.5455
aglow	2978	3.4623	22	1.6818
erase	2978	3.4623	22	1.5909
ficus	2983	3.4626	17	3.4118
fight	2982	3.4627	18	1.9444
sheik	2983	3.464	17	3.3529
steer	2975	3.4643	25	2.28
glaze	2971	3.4643	29	2.2758
strut	2972	3.4646	28	2.7858
wager	2974	3.4647	26	1.9616
dopey	2979	3.4647	21	2.1429
brown	2986	3.4647	14	1.5
witch	2983	3.4653	17	1.2353
ebony	2979	3.4653	21	2.0477
wreak	2971	3.4653	29	2.2069
smoke	2982	3.4654	18	2.7222
boney	2976	3.4657	24	2.1251
dwarf	2986	3.4657	14	2.0
stool	2976	3.4659	24	1.7918
hydro	2972	3.4661	28	2.5357
gipsy	2980	3.4667	20	2.45
ought	2962	3.4673	38	2.2633
grimy	2974	3.4673	26	1.6539
heady	2961	3.4674	39	2.3847
rhyme	2971	3.4674	29	2.6897
choke	2981	3.4676	19	3.0
fiber	2982	3.4677	18	3.611
nasal	2978	3.4677	22	2.5455
repel	2984	3.4677	16	1.75
afoul	2982	3.4679	18	2.389
exalt	2963	3.4681	37	2.9189
lumpy	2992	3.4683	8	2.625
winch	2986	3.4684	14	3.0716
forum	2980	3.4684	20	3.9001
frown	2977	3.4687	23	1.8261
nobly	2979	3.4693	21	2.381
women	2984	3.4694	16	3.0625
frock	2984	3.4696	16	1.75
bravo	2979	3.4697	21	2.381
taste	2982	3.4699	18	2.0
money	2971	3.47	29	1.9655
chunk	2992	3.47	8	3.5
latte	2980	3.4703	20	4.0001
woman	2983	3.4707	17	2.0588
flick	2987	3.4707	13	2.1538
wharf	2983	3.4707	17	2.1176
sleep	2983	3.471	17	2.5881
glyph	2983	3.471	17	2.5881
lapel	2975	3.4713	25	3.48
hence	2981	3.4713	19	3.8421
fudge	2989	3.4713	11	2.6364
hover	2972	3.4716	28	2.5714
unity	2969	3.4717	31	1.6129
abhor	2974	3.472	26	2.8462
rebel	2986	3.472	14	2.5
dozen	2972	3.4723	28	2.3927
visor	2975	3.4726	25	2.6399
dense	2979	3.4727	21	2.4287
omega	2972	3.473	28	2.5357
class	2983	3.473	17	2.4706
terra	2970	3.4733	30	2.2668
haven	2972	3.4734	28	1.3214
eying	2963	3.4739	37	1.9189
irony	2967	3.474	33	1.9999
grove	2983	3.474	17	2.5295
shave	2978	3.474	22	1.9091
dowry	2976	3.4742	24	2.3333
savor	2983	3.4747	17	2.0588
tiara	2971	3.4747	29	3.4483
wordy	2981	3.4747	19	3.3158
fritz	2982	3.4753	18	2.4443
shack	2982	3.4753	18	2.7222
drool	2979	3.4757	21	1.7619
wagon	2980	3.4757	20	2.5501
fancy	2979	3.476	21	2.4287
shock	2982	3.4763	18	2.389
tarot	2967	3.4763	33	2.5756
wreck	2988	3.4763	12	2.3333
swing	2983	3.477	17	2.9412
wafer	2980	3.4773	20	1.75
young	2967	3.4773	33	2.5756
bough	2979	3.4777	21	2.0951
rugby	2983	3.4779	17	3.0001
shuck	2994	3.478	6	4.8333
avoid	2978	3.4783	22	1.9091
meter	2971	3.4787	29	2.2069
fleet	2977	3.4787	23	2.4783
erect	2974	3.479	26	2.8077
creep	2969	3.4791	31	2.0967
apart	2978	3.4793	22	2.5909
elope	2982	3.4797	18	2.8334
audio	2963	3.48	37	2.8918
easel	2978	3.4803	22	3.3636
swung	2979	3.4803	21	3.7143
tweak	2981	3.4804	19	2.9474
small	2979	3.4804	21	2.3333
unwed	2989	3.481	11	3.1818
hairy	2973	3.4813	27	3.1853
weigh	2979	3.4813	21	0.6667
pence	2978	3.4813	22	2.2273
pudgy	2980	3.4814	20	3.65
steel	2983	3.4816	17	2.8824
viper	2975	3.4816	25	1.68
umbra	2980	3.4816	20	1.05
perky	2984	3.4817	16	2.625
lanky	2972	3.482	28	2.6071
stunt	2978	3.482	22	2.2728
roost	2978	3.4823	22	2.2273
shall	2981	3.4823	19	2.6316
sloop	2986	3.4824	14	3.5
snaky	2972	3.4827	28	1.5
elder	2968	3.483	32	2.25
owing	2973	3.4833	27	2.4073
preen	2974	3.4833	26	1.7308
flunk	2988	3.4833	12	2.4167
bylaw	2985	3.4837	15	2.4
downy	2987	3.484	13	2.7692
risky	2979	3.4841	21	0.7143
trite	2972	3.4843	28	3.8215
three	2974	3.4846	26	2.4615
suave	2976	3.4847	24	2.0834
relax	2967	3.485	33	0.8485
fairy	2974	3.4852	26	3.0
truer	2958	3.486	42	2.3097
troll	2985	3.486	15	2.3333
snoop	2978	3.4863	22	2.2273
limit	2978	3.4866	22	4.5907
maybe	2982	3.4867	18	1.9444
youth	2962	3.4874	38	1.9474
wrack	2986	3.4877	14	0.5
graze	2954	3.4883	46	2.761
niece	2963	3.4886	37	3.2971
greet	2968	3.4886	32	2.5314
mangy	2980	3.4887	20	1.75
algae	2965	3.4887	35	1.8856
knave	2971	3.4891	29	2.2069
toxin	2975	3.4893	25	2.6798
deter	2968	3.4894	32	1.0938
wispy	2984	3.4897	16	2.25
vigor	2976	3.4897	24	2.375
giver	2965	3.49	35	2.4857
skimp	2996	3.49	4	1.75
aorta	2958	3.4902	42	2.2143
trait	2974	3.4907	26	2.0001
tulle	2970	3.4909	30	2.3667
spell	2987	3.4913	13	1.0769
hefty	2984	3.4914	16	0.875
taunt	2964	3.4916	36	2.5834
truth	2975	3.4917	25	3.2001
gumbo	2987	3.492	13	3.2308
arena	2964	3.492	36	2.2223
state	2967	3.4921	33	1.697
cagey	2971	3.4923	29	2.0345
trust	2988	3.4924	12	1.25
topaz	2981	3.4927	19	2.7893
vapid	2986	3.4927	14	2.0
bleed	2983	3.4927	17	1.6471
enter	2974	3.493	26	2.1923
value	2974	3.4936	26	1.4231
venom	2982	3.4937	18	1.9444
swami	2986	3.4937	14	2.0
burly	2977	3.4937	23	3.3913
creed	2975	3.4937	25	2.24
scene	2981	3.4943	19	3.4209
extol	2978	3.4943	22	2.909
sooth	2981	3.4947	19	2.2105
itchy	2979	3.4947	21	3.1427
dough	2975	3.4947	25	1.4
spool	2989	3.495	11	1.9999
spiky	2984	3.495	16	1.3749
hymen	2970	3.4953	30	2.8332
sweet	2977	3.4953	23	2.1304
virus	2984	3.4956	16	1.3125
there	2980	3.4957	20	1.4
exist	2974	3.4957	26	2.4231
stoop	2981	3.4957	19	3.1053
joist	2967	3.496	33	3.6668
spill	2982	3.4963	18	0.8889
comfy	2984	3.4966	16	2.625
using	2966	3.4967	34	1.0588
pesky	2981	3.497	19	2.3157
wrung	2979	3.497	21	1.6667
asset	2977	3.497	23	3.2174
torso	2980	3.497	20	2.5501
fungi	2981	3.4973	19	3.0526
banal	2981	3.4977	19	3.0
allot	2973	3.498	27	2.4073
atoll	2978	3.4984	22	2.3638
tenth	2975	3.4987	25	1.96
shoot	2978	3.499	22	2.2728
dying	2973	3.4992	27	0.7778
wring	2979	3.4993	21	1.0
blitz	2984	3.4994	16	2.6876
favor	2984	3.4994	16	2.6876
colon	2977	3.4997	23	2.2175
press	2979	3.4997	21	3.0476
fishy	2978	3.5001	22	1.5909
sulky	2979	3.5003	21	2.0951
sheen	2970	3.5006	30	1.9
vegan	2978	3.501	22	3.4091
smoky	2983	3.501	17	2.5295
lucky	2973	3.5013	27	2.0741
beret	2981	3.5013	19	1.4737
rowdy	2984	3.5014	16	3.5
voila	2971	3.5016	29	2.3102
mauve	2970	3.5017	30	3.4669
crepe	2983	3.502	17	0.8235
totem	2974	3.5024	26	2.1538
tacit	2976	3.5026	24	2.7083
erode	2977	3.5027	23	1.8261
vinyl	2978	3.5027	22	2.2728
retro	2977	3.503	23	1.8697
truss	2978	3.5033	22	2.2273
pushy	2985	3.5036	15	1.9333
vomit	2984	3.5037	16	3.0625
windy	2980	3.504	20	2.9
newly	2980	3.5047	20	2.1
donor	2977	3.5047	23	2.2175
apple	2978	3.505	22	0.9545
steep	2981	3.505	19	1.5263
detox	2979	3.505	21	2.0951
ledge	2975	3.505	25	2.56
steed	2979	3.5053	21	2.0
rocky	2975	3.5054	25	2.32
vouch	2982	3.5057	18	2.0
piece	2971	3.5057	29	2.2758
sneer	2976	3.5057	24	2.1251
duchy	2977	3.506	23	2.5652
spree	2981	3.506	19	2.3157
these	2977	3.5063	23	2.9129
zonal	2970	3.5064	30	2.4667
imbue	2970	3.5066	30	3.1334
crier	2960	3.5067	40	2.5249
cello	2982	3.5067	18	2.0556
unify	2970	3.5067	30	3.0
genre	2971	3.507	29	1.9655
filmy	2982	3.507	18	0.7778
viola	2975	3.5071	25	2.92
total	2971	3.5073	29	2.2413
waver	2966	3.5073	34	2.2941
blaze	2986	3.5076	14	1.5
reuse	2974	3.5077	26	2.8077
riser	2967	3.508	33	1.4848
corer	2974	3.508	26	3.077
glass	2977	3.508	23	3.3913
semen	2982	3.508	18	2.4443
motor	2976	3.508	24	1.4583
gravy	2974	3.5087	26	2.5383
showy	2981	3.5089	19	3.3684
boost	2980	3.5089	20	3.9501
linen	2954	3.5091	46	2.5433
noose	2959	3.5093	41	2.2439
awful	2982	3.5097	18	1.6111
tacky	2979	3.5097	21	2.7619
etude	2976	3.5099	24	2.625
drill	2982	3.51	18	2.4443
elide	2974	3.51	26	2.0001
woken	2974	3.51	26	3.5385
smell	2978	3.51	22	2.2728
local	2972	3.5103	28	2.5714
beset	2986	3.5103	14	4.0714
spoon	2984	3.5103	16	2.1875
trout	2975	3.5104	25	2.0801
siege	2969	3.5107	31	1.9032
creme	2985	3.5113	15	1.8667
hazel	2979	3.5113	21	1.4762
salad	2980	3.5113	20	2.8
joust	2969	3.512	31	1.871
given	2977	3.512	23	2.174
awoke	2968	3.513	32	2.1875
vague	2976	3.513	24	3.7915
peace	2988	3.5133	12	1.1667
fence	2985	3.5134	15	2.3333
jaunt	2979	3.5137	21	2.7619
betel	2982	3.514	18	3.611
curvy	2980	3.514	20	3.2999
mushy	2982	3.5143	18	2.7222
privy	2974	3.5147	26	2.9615
ovine	2963	3.5149	37	3.4593
scree	2969	3.515	31	2.7418
sixth	2984	3.5153	16	2.25
eagle	2968	3.5153	32	1.5312
mover	2972	3.5156	28	2.0357
timid	2989	3.516	11	2.6364
octet	2978	3.516	22	3.3636
joint	2979	3.5167	21	2.0477
rearm	2982	3.517	18	1.6111
woven	2970	3.517	30	2.8668
droop	2983	3.518	17	1.2941
leper	2978	3.5186	22	1.3636
basal	2991	3.5186	9	1.7778
utter	2953	3.5187	47	2.8298
pinky	2978	3.5187	22	2.3183
adapt	2980	3.519	20	2.95
friar	2966	3.5193	34	3.4409
posse	2978	3.5193	22	2.9545
titan	2971	3.5194	29	1.2759
sheet	2981	3.5197	19	3.3684
abate	2973	3.5197	27	2.3703
label	2974	3.5203	26	3.077
hunky	2980	3.5203	20	1.85
pixel	2967	3.5204	33	1.9696
drier	2944	3.521	56	2.5894
canon	2974	3.521	26	2.9615
cabal	2983	3.521	17	3.7646
edify	2978	3.5216	22	2.9545
rupee	2980	3.5217	20	3.6
loose	2982	3.5219	18	2.389
fatal	2987	3.5227	13	2.6923
whisk	2981	3.5227	19	2.6843
riper	2973	3.5227	27	2.926
cress	2983	3.523	17	1.2353
breed	2976	3.523	24	2.375
shell	2974	3.523	26	2.2308
piper	2964	3.5231	36	1.0833
apnea	2977	3.5234	23	1.913
musky	2979	3.5237	21	2.0951
wight	2985	3.5237	15	2.8
attic	2975	3.5237	25	3.1601
dread	2965	3.524	35	3.4002
genie	2961	3.524	39	1.9744
dusky	2976	3.524	24	2.2082
eking	2976	3.5243	24	1.875
otter	2964	3.5243	36	1.9167
foamy	2976	3.5243	24	1.7918
murky	2962	3.5244	38	2.6316
rerun	2956	3.5247	44	1.6136
greed	2963	3.525	37	2.2164
agate	2961	3.525	39	2.7435
extra	2974	3.5253	26	2.0001
droll	2982	3.5256	18	2.3333
theta	2969	3.5256	31	2.0323
vogue	2970	3.5263	30	2.6668
pasta	2984	3.527	16	2.25
heath	2967	3.5273	33	2.6364
milky	2971	3.528	29	2.9309
color	2982	3.528	18	2.389
ruler	2976	3.5286	24	1.7918
video	2966	3.529	34	2.2941
sheer	2964	3.529	36	1.8055
waltz	2986	3.529	14	2.5
leech	2977	3.5294	23	3.6522
robot	2983	3.5303	17	2.5295
butte	2966	3.5304	34	1.0294
askew	2986	3.5306	14	4.0714
shaky	2981	3.531	19	3.0526
cacti	2975	3.5311	25	3.08
husky	2981	3.5313	19	2.6843
bulky	2979	3.5316	21	3.0476
condo	2985	3.5317	15	0.9333
vowel	2985	3.532	15	4.2
savoy	2981	3.532	19	2.5789
grill	2976	3.533	24	2.9583
quest	2976	3.533	24	2.7083
bawdy	2984	3.533	16	2.625
floor	2977	3.5333	23	2.2175
alarm	2981	3.5333	19	0.7368
surer	2969	3.5333	31	2.8711
dress	2976	3.5334	24	1.7918
cross	2981	3.5337	19	1.4737
taboo	2973	3.534	27	1.926
dally	2978	3.5343	22	1.6364
brood	2982	3.5343	18	2.8334
drama	2972	3.5343	28	2.0357
lipid	2985	3.5344	15	1.0
quiet	2951	3.5346	49	2.9796
liege	2972	3.5347	28	2.5357
speed	2975	3.5353	25	2.88
quilt	2975	3.5353	25	3.8402
movie	2970	3.5356	30	3.8
opium	2987	3.5357	13	3.7692
dried	2967	3.536	33	3.3032
sauna	2960	3.5363	40	2.3
conch	2982	3.5367	18	2.389
crass	2984	3.5367	16	2.6876
prior	2981	3.5369	19	3.4209
rider	2967	3.5369	33	1.3333
catch	2982	3.5373	18	2.8891
order	2956	3.5373	44	2.2954
agree	2964	3.5374	36	2.361
purer	2967	3.5374	33	3.0605
exult	2970	3.5374	30	2.9
merge	2975	3.5376	25	2.28
stood	2982	3.5377	18	3.8889
dross	2981	3.5377	19	1.8421
slush	2977	3.5377	23	2.1304
slash	2990	3.5377	10	2.8
leave	2971	3.538	29	2.0345
howdy	2985	3.539	15	2.4
quite	2955	3.539	45	2.2888
gazer	2968	3.5394	32	1.3749
rebar	2973	3.5397	27	3.0372
bless	2978	3.5397	22	2.2728
bushy	2975	3.54	25	1.4
enema	2977	3.5403	23	2.7391
arbor	2971	3.5404	29	3.4826
above	2977	3.5407	23	2.4783
helix	2978	3.5407	22	1.9546
flood	2979	3.5413	21	2.1429
waive	2972	3.5417	28	1.7857
armor	2963	3.5421	37	1.7837
green	2966	3.5422	34	3.3826
flaky	2981	3.5426	19	3.0526
crazy	2979	3.5427	21	2.6667
moose	2973	3.543	27	1.8519
freed	2974	3.543	26	1.8846
tally	2974	3.5433	26	2.4615
slosh	2977	3.5433	23	1.8697
cinch	2973	3.5433	27	2.7037
egret	2968	3.5433	32	4.1563
gecko	2980	3.5437	20	2.8
ruder	2971	3.5437	29	2.0
belie	2980	3.5437	20	3.65
druid	2962	3.5438	38	3.0265
ardor	2962	3.5439	38	3.1579
ester	2973	3.5439	27	1.6296
lasso	2977	3.544	23	2.4783
nymph	2984	3.5444	16	1.75
tryst	2980	3.5444	20	2.8
picky	2973	3.5446	27	1.5927
bleep	2988	3.5447	12	2.3333
gloss	2979	3.5453	21	1.6667
stout	2967	3.5454	33	2.8182
swell	2978	3.5456	22	1.9999
aloof	2976	3.5457	24	2.7083
pupil	2984	3.5473	16	2.25
rural	2977	3.5473	23	2.826
elude	2986	3.5473	14	2.0
abbot	2970	3.5477	30	3.8667
circa	2975	3.548	25	3.1601
tithe	2970	3.548	30	2.4333
eager	2963	3.548	37	2.1352
squat	2971	3.5481	29	2.0
inane	2954	3.5486	46	2.1956
maize	2963	3.5487	37	4.0808
wimpy	2983	3.5487	17	2.0588
renew	2981	3.5487	19	1.8421
recur	2967	3.5487	33	2.3637
deuce	2972	3.5496	28	2.9287
legal	2967	3.5497	33	2.1515
lilac	2978	3.55	22	1.5909
swoop	2991	3.55	9	4.0
axion	2950	3.5503	50	2.48
hello	2970	3.5506	30	2.8332
ovary	2961	3.5507	39	1.9487
leery	2962	3.551	38	2.2367
bliss	2984	3.551	16	3.2502
tasty	2976	3.551	24	2.4167
racer	2980	3.551	20	2.5
canny	2977	3.5513	23	1.5652
blood	2985	3.5513	15	4.3998
mania	2978	3.5514	22	1.9546
kneel	2972	3.5516	28	2.75
mucky	2982	3.552	18	2.7222
honor	2972	3.552	28	2.7143
flail	2974	3.5523	26	2.1923
seven	2974	3.5524	26	1.9616
alley	2955	3.5524	45	2.5557
chill	2983	3.5526	17	3.4118
tutor	2967	3.5527	33	3.3032
cheer	2962	3.5536	38	3.5525
tibia	2967	3.5537	33	1.8485
parer	2974	3.5537	26	2.4231
froze	2966	3.5544	34	3.206
sheep	2991	3.5546	9	3.1111
theme	2976	3.5546	24	1.7918
clack	2976	3.555	24	2.4167
sleek	2980	3.556	20	2.9
adage	2978	3.556	22	2.2728
scoop	2979	3.556	21	2.7619
covey	2972	3.556	28	2.357
ahead	2967	3.5563	33	2.6971
whiny	2974	3.557	26	2.7308
ensue	2964	3.5577	36	2.7221
skill	2986	3.5577	14	2.5714
junta	2968	3.5577	32	1.9688
puree	2951	3.5578	49	2.6736
bayou	2962	3.558	38	2.4738
annul	2980	3.558	20	2.4
paper	2967	3.5583	33	3.091
ether	2971	3.5587	29	2.4483
hatch	2985	3.5587	15	3.8667
quart	2970	3.5589	30	1.6667
iliac	2980	3.559	20	2.5501
index	2969	3.5593	31	2.5807
libel	2975	3.5596	25	2.24
tweed	2978	3.56	22	3.5
harsh	2979	3.5603	21	1.381
inner	2953	3.5603	47	2.3193
digit	2972	3.5607	28	3.607
havoc	2981	3.5607	19	2.6316
sappy	2968	3.562	32	1.3125
bible	2973	3.562	27	1.8148
vodka	2977	3.562	23	2.0434
rumor	2964	3.5623	36	2.5834
toxic	2977	3.5627	23	2.174
masse	2984	3.5627	16	2.25
whack	2983	3.5629	17	1.2353
uncut	2984	3.5634	16	4.4375
await	2974	3.5638	26	0.8077
lupus	2987	3.564	13	3.3078
alpha	2987	3.564	13	2.6923
zebra	2974	3.564	26	2.7692
zesty	2972	3.564	28	1.8215
ninth	2969	3.5646	31	1.6129
award	2977	3.5647	23	1.5217
broom	2984	3.5647	16	2.6876
rigid	2974	3.5647	26	1.9616
abase	2972	3.565	28	2.0357
plump	2987	3.5654	13	3.3078
augur	2950	3.5657	50	2.3002
hutch	2983	3.5657	17	2.0588
ratty	2980	3.5657	20	2.45
idiot	2972	3.566	28	2.0
swoon	2983	3.5663	17	2.0588
testy	2980	3.5664	20	3.2
heavy	2968	3.5666	32	2.0936
major	2971	3.5667	29	2.4828
patty	2973	3.567	27	2.1481
hedge	2977	3.5679	23	1.913
verse	2976	3.5682	24	1.5417
revel	2973	3.5687	27	1.5556
gloom	2980	3.5687	20	2.1
carry	2963	3.57	37	3.3513
spoof	2990	3.5707	10	2.1
hitch	2975	3.5708	25	1.16
again	2966	3.571	34	2.1471
retry	2969	3.5712	31	3.9676
lever	2967	3.5717	33	2.4243
radii	2970	3.5717	30	2.6334
moron	2978	3.5719	22	2.8636
photo	2972	3.572	28	2.2143
vying	2970	3.572	30	2.2332
naval	2979	3.572	21	2.0951
chili	2976	3.5723	24	2.1251
cache	2964	3.5723	36	2.2223
pooch	2993	3.5723	7	3.1427
fixer	2967	3.5723	33	2.7879
beget	2975	3.5723	25	2.7601
segue	2969	3.5727	31	1.871
aroma	2966	3.5729	34	2.1471
rodeo	2975	3.573	25	1.68
equal	2962	3.5733	38	2.7105
amiss	2984	3.574	16	2.6876
briar	2972	3.5746	28	2.0357
sally	2980	3.5747	20	1.75
qualm	2979	3.5747	21	1.6667
alibi	2974	3.5749	26	1.3462
wacky	2977	3.5749	23	0.913
nerve	2963	3.575	37	3.1083
cliff	2981	3.575	19	1.4737
mecca	2971	3.5753	29	1.9655
grass	2981	3.5758	19	1.1053
delve	2979	3.5763	21	1.6667
bribe	2957	3.5766	43	3.1164
twist	2985	3.5766	15	3.8667
borax	2973	3.5767	27	3.2222
dilly	2976	3.5773	24	2.9583
obese	2982	3.5773	18	2.3333
pulpy	2976	3.5777	24	2.0417
dwell	2986	3.5777	14	2.0
sweep	2984	3.578	16	4.0624
creek	2967	3.5783	33	2.5756
defer	2971	3.5783	29	2.2069
outdo	2963	3.5786	37	1.9459
agape	2975	3.5787	25	2.88
click	2973	3.5803	27	2.3703
booth	2980	3.5803	20	1.4
quote	2966	3.5806	34	2.9412
newer	2957	3.5806	43	2.8837
envoy	2966	3.5807	34	3.4118
ionic	2974	3.581	26	2.1538
azure	2961	3.581	39	2.3332
dolly	2971	3.5813	29	1.4828
junto	2967	3.5816	33	2.2424
funky	2972	3.5817	28	2.5714
squad	2972	3.5817	28	2.0357
frill	2979	3.582	21	1.381
reedy	2977	3.582	23	1.2609
curry	2977	3.582	23	2.1304
rally	2962	3.5827	38	2.7893
sixty	2969	3.5829	31	1.6775
quota	2967	3.583	33	1.606
elegy	2975	3.583	25	2.4
skull	2983	3.5831	17	3.3529
brass	2986	3.5833	14	1.0
never	2957	3.5834	43	2.0233
beech	2977	3.5837	23	3.087
juice	2967	3.584	33	2.0302
stash	2980	3.5846	20	1.4
bloom	2992	3.585	8	2.625
sooty	2978	3.585	22	2.6364
roger	2966	3.585	34	2.3236
harry	2959	3.585	41	1.9269
smash	2989	3.585	11	1.9091
outgo	2965	3.5853	35	3.0
swill	2975	3.5857	25	2.5999
goose	2984	3.586	16	2.25
boxer	2972	3.5862	28	3.5
undue	2968	3.5863	32	1.7812
seedy	2974	3.5864	26	3.8462
spasm	2983	3.5867	17	2.4706
comma	2979	3.5873	21	3.381
ditto	2976	3.5873	24	2.2082
afoot	2979	3.5876	21	0.6667
floss	2984	3.5877	16	2.6876
upper	2966	3.5877	34	2.0588
icily	2974	3.588	26	3.2691
fjord	2984	3.5883	16	2.6876
river	2959	3.5883	41	3.0243
spook	2976	3.5888	24	2.9167
fella	2972	3.589	28	3.1071
proxy	2974	3.589	26	2.2308
banjo	2974	3.589	26	1.4231
odder	2962	3.589	38	2.3684
unzip	2977	3.5891	23	1.5217
nutty	2969	3.5891	31	2.3548
ivory	2961	3.5894	39	3.7436
ember	2968	3.5894	32	2.4375
quoth	2963	3.5897	37	3.3242
proof	2984	3.5897	16	3.9999
dryer	2955	3.5897	45	2.3557
petty	2971	3.5899	29	1.8275
sniff	2982	3.59	18	2.0556
clock	2983	3.5903	17	2.1176
golly	2965	3.5904	35	2.3144
blurb	2976	3.5906	24	3.25
loyal	2968	3.5913	32	2.2188
roomy	2965	3.5913	35	2.0
where	2962	3.5919	38	1.6842
wooer	2964	3.5919	36	2.0278
hunch	2972	3.5921	28	3.0
apply	2978	3.5923	22	4.1819
oxide	2961	3.5923	39	3.2052
udder	2941	3.5928	59	2.3898
booty	2981	3.5933	19	2.6843
cycle	2974	3.594	26	3.2308
rigor	2966	3.594	34	2.6471
nylon	2965	3.5947	35	2.7998
gooey	2944	3.5948	56	1.9286
manga	2982	3.5951	18	1.1667
crook	2979	3.5956	21	1.0
groom	2981	3.5957	19	2.2105
embed	2983	3.5957	17	2.1176
gorge	2957	3.596	43	2.4883
staff	2985	3.596	15	1.8667
gross	2975	3.5963	25	2.24
sewer	2971	3.5963	29	2.1724
waxen	2970	3.5966	30	2.4
thigh	2969	3.597	31	2.5485
silly	2976	3.5971	24	2.9583
aging	2955	3.5973	45	2.4223
crack	2974	3.5973	26	2.4231
quail	2959	3.5973	41	3.1218
knoll	2981	3.5974	19	1.1053
pagan	2982	3.5974	18	0.8333
bevel	2978	3.598	22	2.3638
quash	2969	3.598	31	2.3226
sever	2966	3.5983	34	1.2648
joker	2964	3.5984	36	1.8333
gauge	2952	3.599	48	1.9793
forgo	2981	3.5993	19	2.3157
event	2971	3.5993	29	2.2069
theft	2970	3.5997	30	2.6334
catty	2982	3.6	18	0.8333
dully	2976	3.6	24	2.1668
dodge	2965	3.6	35	2.4573
modem	2969	3.6	31	2.0967
parka	2978	3.6003	22	3.3182
stiff	2975	3.6003	25	2.24
sully	2975	3.6007	25	2.52
serve	2968	3.6017	32	2.7499
conic	2977	3.6019	23	3.7393
icing	2978	3.602	22	1.6364
payee	2970	3.6023	30	2.6
usurp	2985	3.6026	15	3.8667
ditty	2960	3.6027	40	2.3251
wedge	2975	3.6027	25	3.12
gauze	2958	3.6033	42	2.262
diode	2967	3.6036	33	1.9696
civil	2977	3.6039	23	2.5652
humus	2975	3.6043	25	3.3998
inbox	2973	3.6043	27	2.3333
toddy	2967	3.6044	33	1.7879
judge	2972	3.6047	28	2.3927
sieve	2967	3.605	33	2.6062
marry	2963	3.6051	37	1.3243
couch	2967	3.6053	33	1.7273
bitty	2966	3.6057	34	2.9116
dandy	2970	3.6057	30	2.4333
annoy	2969	3.6058	31	1.9032
comic	2968	3.606	32	3.531
allow	2983	3.6066	17	3.7646
valve	2977	3.607	23	2.5217
chess	2983	3.607	17	2.9412
parry	2976	3.6077	24	2.0834
union	2950	3.6078	50	2.3002
cynic	2969	3.608	31	2.3226
gaffe	2970	3.608	30	2.6668
humph	2981	3.608	19	3.3684
coach	2974	3.6083	26	2.0001
enemy	2962	3.6086	38	1.5
batty	2968	3.6087	32	2.5314
lorry	2960	3.6092	40	3.0252
folio	2982	3.6093	18	3.5555
mucus	2982	3.6093	18	1.5556
offal	2974	3.6103	26	1.9231
larva	2979	3.6107	21	2.7143
kneed	2970	3.611	30	2.3667
caddy	2976	3.6114	24	1.875
mafia	2969	3.6117	31	2.5162
basis	2971	3.6127	29	3.1379
sorry	2963	3.6127	37	2.3514
alloy	2955	3.6134	45	2.1999
idyll	2980	3.6134	20	2.5501
evade	2971	3.6137	29	2.2758
revue	2958	3.614	42	3.1427
crick	2970	3.6143	30	1.9333
tight	2980	3.6147	20	2.1
furor	2977	3.6157	23	3.0435
pique	2967	3.6158	33	2.5756
aware	2964	3.6163	36	2.4443
oddly	2977	3.6163	23	3.2609
undid	2966	3.6163	34	2.353
villa	2972	3.6166	28	2.8573
issue	2964	3.6166	36	1.7778
bosom	2990	3.6167	10	2.9
knack	2977	3.6167	23	2.5217
filly	2969	3.617	31	2.0323
karma	2982	3.617	18	3.1667
fewer	2974	3.6173	26	1.6922
usual	2973	3.6177	27	2.1111
livid	2975	3.618	25	2.96
venue	2951	3.618	49	2.9796
putty	2965	3.6185	35	3.057
rabbi	2972	3.6187	28	2.0
penny	2974	3.6194	26	3.8845
mossy	2975	3.6194	25	2.84
wheel	2966	3.62	34	2.4999
dryly	2979	3.6203	21	2.8095
visit	2978	3.6204	22	3.6365
leggy	2962	3.6206	38	2.4474
teddy	2969	3.6216	31	1.6775
koala	2971	3.6217	29	2.0345
rower	2976	3.6227	24	2.1668
shook	2979	3.6227	21	4.381
fifth	2977	3.6227	23	3.6085
moody	2971	3.623	29	1.7242
occur	2954	3.6233	46	2.3697
loopy	2976	3.6237	24	2.1668
hussy	2969	3.6237	31	2.2903
equip	2959	3.624	41	2.4879
krill	2969	3.6243	31	2.5485
sunny	2968	3.6244	32	2.0312
going	2959	3.625	41	2.5121
idiom	2980	3.6253	20	2.1501
guess	2973	3.6256	27	2.1481
paddy	2981	3.626	19	2.5789
hilly	2973	3.626	27	2.9631
cluck	2984	3.6266	16	0.4375
gully	2977	3.6277	23	2.826
polyp	2983	3.6279	17	1.8235
missy	2980	3.628	20	2.45
cubic	2970	3.628	30	2.8332
heave	2963	3.628	37	1.9189
axiom	2958	3.6283	42	2.0237
crock	2976	3.6283	24	2.0834
macaw	2991	3.629	9	2.4443
berry	2951	3.6297	49	2.5306
bongo	2967	3.6303	33	3.2727
plaza	2987	3.631	13	2.1538
ferry	2956	3.631	44	2.5909
holly	2964	3.6311	36	2.6112
coyly	2973	3.6313	27	2.6667
tabby	2976	3.6313	24	2.4167
igloo	2971	3.6317	29	2.2069
needy	2958	3.6317	42	2.5
hippo	2971	3.6321	29	2.3102
avail	2971	3.6324	29	1.9655
tenet	2965	3.6333	35	2.8572
sushi	2973	3.6337	27	2.3333
fugue	2972	3.6343	28	2.0357
merry	2962	3.635	38	2.4211
gawky	2974	3.635	26	2.4615
gouge	2949	3.6351	51	1.4314
avian	2960	3.6353	40	1.525
bunny	2972	3.6366	28	2.5714
taffy	2968	3.6366	32	2.0312
chaff	2983	3.637	17	3.059
aback	2968	3.6379	32	2.25
bully	2967	3.6383	33	2.394
hippy	2976	3.6384	24	3.2917
billy	2967	3.6386	33	1.9394
belly	2977	3.639	23	2.4348
fanny	2981	3.6393	19	3.3684
swish	2976	3.6407	24	2.625
witty	2965	3.6407	35	2.6286
epoxy	2975	3.641	25	2.6399
skunk	2979	3.641	21	2.1429
snuff	2971	3.641	29	2.9657
ruddy	2972	3.6423	28	2.5357
skulk	2982	3.6427	18	2.389
folly	2977	3.643	23	2.1304
muddy	2971	3.643	29	3.6553
fauna	2975	3.6434	25	3.48
scoff	2981	3.644	19	2.2105
mambo	2977	3.644	23	1.2609
ennui	2960	3.6446	40	1.825
myrrh	2971	3.6448	29	0.9655
shyly	2982	3.645	18	1.6111
buxom	2981	3.6453	19	3.8947
whoop	2982	3.646	18	4.3334
quasi	2961	3.646	39	2.2052
vixen	2952	3.6463	48	2.8124
squib	2974	3.6467	26	1.6154
offer	2963	3.6472	37	3.3242
stuff	2985	3.6473	15	2.4
fever	2969	3.6476	31	3.0969
furry	2955	3.6477	45	3.4001
jumpy	2976	3.6477	24	3.2083
rover	2951	3.6483	49	2.5306
gayly	2969	3.6494	31	2.8065
bluff	2986	3.6497	14	2.0
awash	2970	3.6503	30	2.1
dummy	2972	3.6507	28	1.5
arrow	2974	3.6507	26	1.3846
worry	2973	3.6513	27	3.148
which	2972	3.6514	28	2.5357
willy	2971	3.6517	29	2.4483
penne	2979	3.6517	21	2.8095
giddy	2948	3.6523	52	2.654
buddy	2967	3.6537	33	1.5152
cheek	2970	3.6538	30	3.1668
chuck	2980	3.6543	20	1.85
brook	2969	3.6543	31	1.871
widow	2976	3.6554	24	1.7918
knock	2972	3.656	28	2.3927
enjoy	2954	3.6567	46	1.8042
wooly	2974	3.6567	26	3.0
quark	2960	3.657	40	2.7251
essay	2950	3.6583	50	2.7402
wryly	2970	3.659	30	2.6
verge	2973	3.6597	27	1.8519
vigil	2976	3.66	24	3.0417
hobby	2963	3.6603	37	2.1352
fatty	2975	3.6603	25	2.56
query	2955	3.662	45	2.2888
lowly	2972	3.6623	28	2.0
tepee	2970	3.6624	30	2.8332
exile	2961	3.6627	39	2.3847
salsa	2976	3.6627	24	2.375
kiosk	2974	3.6628	26	3.1155
swash	2979	3.664	21	1.3333
awake	2961	3.6646	39	1.6154
beefy	2977	3.666	23	1.2174
kebab	2973	3.6667	27	2.3703
exert	2962	3.6672	38	3.9999
check	2972	3.668	28	2.2857
biddy	2973	3.669	27	1.889
goody	2966	3.6696	34	2.0588
quirk	2963	3.6699	37	1.1891
melee	2968	3.6702	32	1.125
eerie	2954	3.6707	46	2.2391
lobby	2980	3.671	20	2.85
chock	2972	3.6713	28	2.357
quake	2953	3.6721	47	2.6596
gassy	2968	3.6723	32	2.8125
weedy	2978	3.6723	22	1.2727
ovoid	2980	3.6724	20	1.4
eject	2971	3.6749	29	1.5172
sense	2968	3.6757	32	3.1251
happy	2960	3.676	40	2.8752
gruff	2982	3.6763	18	2.7778
fifty	2963	3.678	37	2.3783
excel	2962	3.678	38	3.158
juicy	2954	3.6781	46	1.913
quack	2969	3.6783	31	2.613
cabby	2979	3.6783	21	2.7143
jumbo	2987	3.6787	13	2.1538
dodgy	2969	3.6787	31	1.9032
bossy	2982	3.6793	18	2.8334
axial	2964	3.6796	36	2.5834
hurry	2956	3.6797	44	2.7725
bezel	2976	3.6803	24	2.8335
funny	2978	3.6813	22	2.909
pixie	2965	3.682	35	2.6286
abbey	2954	3.6838	46	3.652
every	2962	3.6839	38	2.8157
dowdy	2970	3.6844	30	1.6333
skiff	2974	3.6846	26	1.3846
fully	2977	3.685	23	2.1304
soggy	2960	3.685	40	1.95
expel	2974	3.686	26	2.4615
piggy	2971	3.6863	29	2.4828
chick	2970	3.6867	30	2.8668
belle	2978	3.6884	22	1.3636
weave	2957	3.6902	43	1.8373
goofy	2964	3.6903	36	2.2501
radar	2963	3.6913	37	2.9461
rotor	2968	3.6917	32	2.7499
abyss	2978	3.692	22	2.909
known	2970	3.6923	30	2.3667
guppy	2971	3.6934	29	3.4826
seize	2967	3.6966	33	2.1515
fussy	2970	3.6967	30	2.4333
teeth	2960	3.698	40	1.8
gypsy	2984	3.698	16	2.625
baggy	2965	3.6986	35	3.2001
jerky	2966	3.6997	34	3.206
quick	2957	3.7001	43	2.4187
papal	2977	3.7023	23	1.5652
buggy	2971	3.7027	29	2.4828
gummy	2967	3.7033	33	2.5756
motto	2974	3.706	26	2.4999
kinky	2966	3.7061	34	3.0294
woody	2967	3.7083	33	2.7879
guava	2964	3.7087	36	2.3054
rarer	2949	3.7089	51	1.4314
savvy	2966	3.7103	34	2.9412
queen	2954	3.711	46	2.6088
annex	2956	3.7147	44	2.4774
geeky	2962	3.7154	38	1.8684
error	2947	3.718	53	2.3396
foggy	2973	3.719	27	2.6667
amaze	2958	3.7193	42	2.4523
ozone	2963	3.7224	37	2.4324
llama	2974	3.723	26	2.1538
geese	2967	3.7234	33	2.485
pygmy	2985	3.7243	15	2.4667
rajah	2961	3.7268	39	3.3078
kitty	2969	3.73	31	2.613
ninja	2951	3.7313	49	2.3471
khaki	2958	3.7329	42	2.4287
pizza	2956	3.7334	44	2.8637
amass	2969	3.7346	31	3.4839
jewel	2969	3.7367	31	1.8065
booze	2959	3.7383	41	2.366
whiff	2979	3.7389	21	1.0
tooth	2974	3.7404	26	2.6923
refer	2977	3.7423	23	4.1741
allay	2959	3.7423	41	2.8535
puffy	2967	3.7426	33	1.7576
maxim	2957	3.7437	43	2.2094
quill	2968	3.7446	32	2.6876
tweet	2972	3.748	28	2.357
razor	2965	3.7484	35	1.8285
twixt	2970	3.7487	30	1.6667
madam	2966	3.7506	34	3.1469
quell	2960	3.7537	40	2.5249
jelly	2957	3.7574	43	2.3256
freer	2963	3.7577	37	3.3784
jolly	2963	3.7593	37	2.4595
minim	2980	3.7597	20	2.1
evoke	2964	3.7607	36	2.3333
queer	2941	3.7636	59	1.7797
jetty	2961	3.7643	39	2.6155
femme	2972	3.7666	28	2.5357
level	2963	3.7682	37	1.9189
tatty	2951	3.7683	49	2.6938
verve	2958	3.7686	42	1.381
cocoa	2959	3.77	41	3.0977
gamma	2970	3.7707	30	2.1333
slyly	2972	3.7727	28	2.2857
onion	2942	3.777	58	2.7587
emcee	2964	3.7856	36	2.5278
mammy	2954	3.7863	46	2.0
juror	2952	3.7901	48	2.7499
mimic	2959	3.7927	41	2.2439
assay	2949	3.793	51	2.6276
cacao	2957	3.7933	43	2.6047
shush	2974	3.7993	26	2.2308
array	2955	3.8023	45	2.9779
magma	2974	3.805	26	1.3846
sissy	2960	3.8064	40	2.3751
kappa	2975	3.8086	25	1.7599
daddy	2955	3.811	45	2.4667
nanny	2949	3.8137	51	2.1374
ninny	2937	3.8144	63	2.1429
puppy	2960	3.8233	40	2.6749
sassy	2950	3.8237	50	2.7599
fluff	2966	3.827	34	2.4119
affix	2962	3.8313	38	2.8686
woozy	2950	3.8339	50	2.28
boozy	2966	3.8357	34	1.9411
booby	2945	3.8359	55	3.3635
dizzy	2957	3.8433	43	1.8373
mummy	2959	3.855	41	2.4391
kayak	2938	3.857	62	2.2098
vivid	2965	3.8597	35	2.4573
fizzy	2956	3.8714	44	2.2728
poppy	2962	3.876	38	2.8686
civic	2962	3.8777	38	2.8421
bobby	2962	3.8807	38	2.2633
fuzzy	2945	3.8879	55	3.1091
jiffy	2961	3.8893	39	2.2563
mamma	2956	3.9329	44	2.0909
queue	2938	3.9563	62	2.7741
jazzy	2941	3.989	59	2.2372
