plait	399	3.1404	1	7.0
later	398	3.1736	2	3.5
leapt	398	3.1859	2	3.5
drape	397	3.1914	3	4.6667
stale	397	3.194	3	4.6667
clean	397	3.194	3	2.6667
scald	399	3.2031	1	8.0
baler	398	3.2036	2	4.0
table	399	3.2054	1	8.0
slide	398	3.2061	2	3.5
those	397	3.2066	3	7.0
alert	398	3.2086	2	3.5
least	397	3.2091	3	2.3333
slice	398	3.211	2	3.5
trace	398	3.2134	2	3.5
cleat	398	3.2137	2	4.0
pleat	397	3.214	3	2.3333
price	399	3.2157	1	7.0
trade	398	3.2161	2	3.5
dealt	396	3.2171	4	1.75
brand	396	3.2197	4	3.5
trope	397	3.2217	3	4.6667
clear	397	3.2218	3	2.3333
trial	396	3.2224	4	5.25
trail	399	3.2231	1	7.0
spoil	397	3.224	3	2.3333
lance	398	3.226	2	3.5
dunce	397	3.2266	3	3.0
splat	399	3.2281	1	7.0
chose	397	3.2291	3	4.6667
train	397	3.2291	3	4.6667
saint	400	3.23
pecan	399	3.2305	1	7.0
haunt	399	3.2305	1	7.0
shale	399	3.2306	1	7.0
prone	398	3.231	2	7.0
triad	397	3.2319	3	2.6667
plane	400	3.2325
clasp	398	3.2337	2	3.5
liner	395	3.2353	5	4.2
daunt	398	3.2364	2	4.5
crust	400	3.2375
scout	398	3.2388	2	3.5
leant	400	3.24
clamp	400	3.24
grant	398	3.2412	2	3.5
smart	400	3.2425
spray	399	3.243	1	7.0
pulse	399	3.2432	1	7.0
hater	397	3.2442	3	2.3333
spite	398	3.2462	2	3.5
scant	398	3.2463	2	7.0
stern	397	3.2468	3	2.3333
inlet	392	3.2475	8	3.625
plate	396	3.2476	4	3.5
sweat	399	3.248	1	7.0
tamer	399	3.2482	1	7.0
spilt	398	3.2488	2	3.5
super	397	3.2493	3	2.3333
copse	400	3.25
alien	396	3.2501	4	5.7503
arson	399	3.2506	1	7.0
slept	399	3.2506	1	7.0
spied	398	3.2511	2	3.5
smile	398	3.2512	2	3.5
tonic	398	3.2512	2	3.5
slant	398	3.2514	2	3.5
slate	397	3.2519	3	2.3333
berth	400	3.2525
grade	395	3.2531	5	1.4
tapir	399	3.2531	1	7.0
crate	398	3.2538	2	4.0
stone	396	3.2552	4	2.0
align	398	3.2563	2	4.0
scone	397	3.2569	3	4.6667
pilot	397	3.2569	3	2.6667
pried	397	3.257	3	2.3333
laden	397	3.257	3	2.3333
snail	399	3.2581	1	7.0
strip	395	3.2581	5	1.4
petal	399	3.2582	1	7.0
stair	398	3.2588	2	7.5
droit	398	3.2589	2	3.5
paste	396	3.2603	4	2.0
grout	394	3.2613	6	1.1667
place	397	3.2618	3	5.0
stand	397	3.2621	3	2.3333
camel	397	3.2622	3	2.3333
clash	400	3.2625
crane	398	3.2637	2	3.5
artsy	398	3.2638	2	3.5
ample	398	3.2639	2	7.0
heart	397	3.2643	3	2.3333
plant	397	3.2644	3	4.6667
slope	397	3.2645	3	2.6667
plied	397	3.2647	3	2.3333
heist	396	3.2652	4	3.5
crest	399	3.2656	1	7.0
horde	399	3.2657	1	7.0
coast	399	3.2658	1	8.0
comet	398	3.2663	2	3.5
route	398	3.2663	2	3.5
cream	398	3.2665	2	3.5
metal	397	3.2669	3	2.3333
remit	396	3.2677	4	1.75
torch	399	3.2681	1	7.0
trend	399	3.2681	1	7.0
glare	398	3.2688	2	3.5
brunt	397	3.2697	3	2.3333
sedan	396	3.2702	4	1.75
grate	399	3.2706	1	7.0
smelt	399	3.2706	1	8.0
peril	398	3.2712	2	3.5
risen	398	3.2713	2	3.5
snare	398	3.2714	2	4.0
cheap	397	3.2721	3	2.3333
scrap	400	3.2725
noble	396	3.2727	4	1.75
crisp	399	3.2731	1	7.0
actor	395	3.2733	5	1.4
tried	395	3.2735	5	4.3998
flirt	398	3.2737	2	3.5
edict	397	3.2747	3	2.6667
teary	397	3.2747	3	5.0
split	398	3.2762	2	3.5
arise	398	3.2763	2	4.0
prose	398	3.2763	2	3.5
stein	398	3.2764	2	3.5
stare	398	3.2764	2	4.0
dance	397	3.2772	3	2.3333
shalt	400	3.2775
print	396	3.2777	4	3.5
drain	399	3.2781	1	7.0
adept	399	3.2783	1	7.0
vault	399	3.2783	1	7.0
pedal	399	3.2783	1	7.0
scope	395	3.2784	5	3.0
blast	398	3.2788	2	7.0
plain	398	3.2789	2	7.0
resin	398	3.2789	2	3.5
spout	398	3.279	2	3.5
scare	398	3.2791	2	3.5
panel	397	3.2796	3	2.3333
truce	393	3.2797	7	1.0
short	396	3.2805	4	1.75
strap	399	3.2806	1	7.0
blade	399	3.2807	1	7.0
timer	399	3.2807	1	7.0
baste	399	3.2808	1	7.0
braid	395	3.2809	5	1.4
login	395	3.2811	5	1.4
torus	398	3.2813	2	3.5
aisle	398	3.2815	2	7.0
sport	397	3.2821	3	7.0
amend	397	3.2821	3	2.3333
snarl	397	3.2822	3	2.6667
sauce	397	3.2823	3	2.3333
gloat	399	3.2831	1	7.0
blare	399	3.2832	1	7.0
stain	395	3.2836	5	2.8
worse	395	3.2836	5	1.4
react	398	3.2839	2	4.0
drone	398	3.284	2	3.5
scale	398	3.284	2	3.5
clone	397	3.2845	3	2.3333
onset	397	3.2847	3	2.3333
tilde	400	3.285
miner	399	3.2856	1	8.0
snort	399	3.2857	1	7.0
horse	399	3.2857	1	7.0
birth	399	3.2858	1	7.0
alter	398	3.2866	2	3.5
nurse	397	3.2872	3	2.3333
donut	396	3.2878	4	3.5
shaft	396	3.2881	4	1.75
aider	399	3.2881	1	7.0
spend	399	3.2882	1	7.0
crept	399	3.2883	1	8.0
spare	395	3.2885	5	1.4
share	398	3.289	2	3.5
snipe	398	3.2891	2	3.5
saner	397	3.2896	3	2.3333
fruit	397	3.2897	3	5.0
serif	400	3.29
giant	396	3.2902	4	2.0
angst	399	3.2907	1	7.0
drift	398	3.2914	2	7.0
north	400	3.2925
cable	400	3.2925
scalp	400	3.2925
snore	396	3.2929	4	1.75
steal	399	3.2931	1	7.0
lapse	399	3.2932	1	7.0
trice	396	3.2932	4	1.75
layer	395	3.2936	5	2.8
slain	398	3.2939	2	3.5
trash	400	3.295
lemur	396	3.2954	4	1.75
solar	399	3.2956	1	7.0
spire	392	3.2959	8	0.875
score	398	3.2964	2	3.5
crude	394	3.2969	6	2.5
debut	397	3.2971	3	2.6667
scent	397	3.2972	3	2.3333
pride	397	3.2972	3	5.0
burnt	397	3.2973	3	2.3333
count	400	3.2975
spine	396	3.2978	4	1.75
pause	399	3.2983	1	7.0
stark	399	3.2984	1	7.0
boast	395	3.2986	5	1.4
lover	395	3.2987	5	1.6
plier	398	3.299	2	3.5
snout	398	3.2991	2	3.5
spurt	398	3.2992	2	3.5
clout	397	3.2996	3	2.3333
glide	397	3.2996	3	4.6667
storm	397	3.2998	3	2.3333
chant	397	3.2999	3	7.0
refit	400	3.3
cruel	396	3.3005	4	4.25
blond	399	3.3008	1	7.0
ramen	396	3.3008	4	1.75
angel	399	3.3008	1	7.0
pasty	399	3.3008	1	7.0
tempo	399	3.3009	1	7.0
skirt	397	3.3023	3	2.6667
spore	400	3.3025
shirt	396	3.3029	4	1.75
louse	392	3.3037	8	1.75
space	398	3.3039	2	3.5
adorn	398	3.304	2	4.0
clang	398	3.3041	2	4.5
cargo	398	3.3042	2	3.5
clink	394	3.3046	6	2.5
shunt	397	3.3048	3	2.3333
clued	397	3.3048	3	4.6667
waist	400	3.305
debit	400	3.305
crone	400	3.305
enact	400	3.305
point	396	3.3055	4	3.75
prank	399	3.3058	1	7.0
aloud	399	3.3058	1	8.0
shear	395	3.3064	5	1.4
ocean	395	3.3064	5	3.0
barge	398	3.3065	2	3.5
waste	398	3.3066	2	3.5
earth	397	3.3071	3	5.3333
first	397	3.3072	3	2.3333
decal	397	3.3072	3	7.333
until	397	3.3073	3	2.3333
alone	396	3.3081	4	3.5
brace	399	3.3083	1	7.0
cried	398	3.3089	2	3.5
grace	395	3.3089	5	1.4
medic	398	3.309	2	4.0
ulcer	398	3.309	2	3.5
fable	398	3.3091	2	7.0
blind	398	3.3091	2	3.5
flute	398	3.3092	2	3.5
tramp	400	3.31
death	400	3.31
cleft	400	3.31
skate	399	3.3107	1	7.0
would	399	3.3107	1	8.0
merit	399	3.3107	1	8.0
plumb	399	3.3107	1	7.0
spelt	399	3.3108	1	8.0
golem	399	3.3109	1	7.0
carol	398	3.3115	2	3.5
feast	398	3.3115	2	3.5
throw	398	3.3117	2	7.0
motel	400	3.3125
suite	400	3.3125
satin	400	3.3125
wrath	396	3.313	4	1.75
tango	396	3.3132	4	3.5
bused	393	3.3132	7	2.1429
yeast	399	3.3132	1	7.0
sonar	399	3.3133	1	7.0
decor	396	3.3133	4	3.5
chirp	399	3.3134	1	7.0
sworn	399	3.3134	1	8.0
melon	399	3.3134	1	8.0
roach	398	3.314	2	3.5
flint	398	3.3142	2	3.5
shone	398	3.3142	2	3.5
third	394	3.3147	6	2.5
saute	397	3.3149	3	7.0
haste	400	3.315
dwelt	400	3.315
dream	397	3.315	3	2.6667
bilge	397	3.3151	3	2.3333
sling	399	3.3159	1	8.0
leach	399	3.3159	1	7.0
nosey	398	3.3164	2	3.5
ratio	395	3.3166	5	2.8
cater	398	3.3166	2	8.0
pearl	394	3.3172	6	2.5
touch	397	3.3172	3	2.3333
token	397	3.3175	3	2.3333
recap	399	3.3182	1	7.0
raspy	399	3.3183	1	7.0
gland	399	3.3184	1	7.0
forte	395	3.3188	5	1.4
raise	398	3.3191	2	3.5
salon	398	3.3191	2	7.0
latch	398	3.3191	2	3.5
draft	398	3.3191	2	3.5
olden	398	3.3193	2	4.0
grand	398	3.3193	2	3.5
spurn	397	3.3199	3	2.3333
fraud	397	3.3199	3	2.6667
model	400	3.32
gripe	397	3.32	3	2.3333
ripen	397	3.3201	3	4.6667
saucy	399	3.3207	1	7.0
irate	396	3.3207	4	1.75
drive	396	3.3207	4	4.0
meant	399	3.3209	1	8.0
scorn	398	3.3215	2	3.5
eclat	398	3.3215	2	3.5
anode	398	3.3215	2	4.0
gamer	398	3.3216	2	7.0
slang	398	3.3217	2	3.5
guise	398	3.3217	2	3.5
sonic	398	3.3217	2	7.0
adopt	398	3.3217	2	7.0
tenor	398	3.3218	2	3.5
round	397	3.3223	3	2.6667
finer	394	3.3223	6	3.5
board	397	3.3224	3	4.6667
niche	397	3.3224	3	4.6667
chart	397	3.3224	3	2.3333
prong	400	3.3225
setup	397	3.3225	3	2.3333
chord	396	3.3231	4	1.75
cramp	399	3.3232	1	7.0
scold	399	3.3233	1	7.0
slurp	399	3.3233	1	7.0
stray	399	3.3233	1	8.0
taper	399	3.3234	1	7.0
fetal	399	3.3234	1	7.0
roast	399	3.3234	1	7.0
bathe	395	3.324	5	2.8
goner	395	3.3241	5	1.4
caper	398	3.3241	2	4.0
wince	395	3.3242	5	2.8
credo	395	3.3242	5	4.2
rinse	397	3.3249	3	2.3333
crump	400	3.325
spice	400	3.325
atone	393	3.3257	7	1.0
sperm	399	3.3257	1	8.0
crank	399	3.3259	1	7.0
since	398	3.3266	2	3.5
wound	398	3.3266	2	3.5
scion	398	3.3268	2	4.0
sober	398	3.3268	2	3.5
shame	397	3.3273	3	7.0
snide	397	3.3274	3	2.3333
shrub	397	3.3275	3	2.3333
stamp	400	3.3275
thump	400	3.3275
rabid	397	3.3275	3	2.3333
tribe	400	3.3275
close	396	3.3281	4	2.0
wrote	399	3.3283	1	7.0
guile	396	3.3283	4	1.75
tidal	396	3.3284	4	1.75
groin	399	3.3284	1	7.0
twice	399	3.3284	1	7.0
speak	399	3.3284	1	7.0
madly	398	3.329	2	3.5
drake	395	3.3291	5	2.8
wield	398	3.3292	2	3.5
rayon	398	3.3292	2	3.5
faint	397	3.3299	3	2.3333
spent	400	3.33
adult	397	3.33	3	2.3333
islet	397	3.3301	3	2.3333
boule	396	3.3305	4	1.75
solid	396	3.3307	4	3.5
lunge	396	3.3307	4	5.25
panic	399	3.3308	1	8.0
shore	399	3.3308	1	7.0
midst	399	3.3308	1	7.0
cloth	396	3.3309	4	1.75
anime	398	3.3316	2	3.5
whine	394	3.3324	6	1.1667
inept	400	3.3325
sloth	397	3.3325	3	4.6667
pitch	400	3.3325
talon	397	3.3326	3	4.6667
coupe	397	3.3326	3	2.6667
lager	394	3.3328	6	3.6665
primo	396	3.3332	4	1.75
learn	399	3.3333	1	7.0
glean	398	3.334	2	4.0
medal	398	3.3341	2	4.0
harpy	398	3.3341	2	4.0
brain	398	3.3341	2	3.5
snack	398	3.3341	2	3.5
force	398	3.3342	2	3.5
chard	398	3.3342	2	7.5
spear	398	3.3342	2	3.5
amity	398	3.3343	2	3.5
utile	395	3.3343	5	1.4
smear	398	3.3343	2	7.0
impel	397	3.3348	3	2.3333
ascot	397	3.3349	3	2.3333
court	397	3.3349	3	2.3333
recut	397	3.335	3	7.0
regal	397	3.335	3	2.3333
swift	400	3.335
bloat	400	3.335
topic	397	3.335	3	5.0
ranch	400	3.335
older	397	3.335	3	2.3333
cider	397	3.335	3	2.3333
grain	394	3.3351	6	2.3333
clank	397	3.3351	3	5.0
shuck	399	3.3357	1	7.0
swept	399	3.3358	1	7.0
locus	398	3.3365	2	3.5
grunt	398	3.3366	2	3.5
tumor	395	3.3366	5	1.4
plume	395	3.3366	5	1.4
soapy	395	3.3367	5	5.8
purge	398	3.3367	2	3.5
froth	398	3.3368	2	3.5
ditch	395	3.3369	5	2.8
tread	397	3.3375	3	2.3333
polar	400	3.3375
stump	400	3.3375
bulge	397	3.3377	3	2.3333
chime	399	3.3382	1	7.0
slung	396	3.3384	4	1.75
plank	399	3.3384	1	8.0
cedar	399	3.3384	1	7.0
field	398	3.339	2	3.5
wrist	398	3.3392	2	3.5
bigot	398	3.3394	2	3.5
loser	397	3.3399	3	2.3333
range	400	3.34
fiend	397	3.34	3	2.3333
tripe	400	3.34
begin	397	3.3402	3	2.3333
scamp	399	3.3407	1	7.0
birch	399	3.3409	1	7.0
paler	399	3.3409	1	7.0
stomp	399	3.3409	1	7.0
plaid	395	3.3417	5	1.4
grief	398	3.3418	2	3.5
scowl	400	3.3425
lodge	400	3.3425
lymph	397	3.3425	3	4.6667
parse	397	3.3426	3	4.6667
dirge	397	3.3426	3	2.3333
guard	397	3.3426	3	2.3333
wrest	394	3.3426	6	1.1667
proud	397	3.3427	3	5.3333
large	396	3.3432	4	3.75
bagel	399	3.3433	1	7.0
fetid	399	3.3433	1	7.0
false	399	3.3434	1	7.0
metro	398	3.3442	2	3.5
clerk	395	3.3442	5	6.0
limbo	395	3.3442	5	1.6
blunt	398	3.3442	2	3.5
erupt	398	3.3443	2	3.5
probe	400	3.345
hoard	400	3.345
final	397	3.345	3	2.3333
flume	400	3.345
rapid	397	3.3451	3	4.6667
grasp	399	3.3458	1	7.0
crimp	399	3.3458	1	7.0
grind	399	3.3459	1	7.0
delta	396	3.3459	4	1.75
caput	399	3.3459	1	7.0
patsy	399	3.3459	1	7.0
acorn	396	3.346	4	3.5
snake	396	3.346	4	3.5
slink	393	3.3461	7	1.0
noise	398	3.3468	2	7.0
grime	395	3.3469	5	1.4
match	400	3.3475
amply	399	3.3483	1	7.0
straw	399	3.3483	1	7.0
siren	399	3.3483	1	7.0
penal	399	3.3483	1	7.0
salty	399	3.3484	1	7.0
sting	399	3.3484	1	7.0
terse	396	3.3486	4	1.75
fecal	398	3.3491	2	3.5
water	398	3.3492	2	7.0
trump	398	3.3493	2	4.0
great	395	3.3494	5	2.8
email	395	3.3495	5	1.4
pound	397	3.35	3	2.3333
haute	399	3.3508	1	8.0
cloud	399	3.3508	1	7.0
throb	399	3.3508	1	7.0
drawl	399	3.3508	1	7.0
cheat	399	3.3509	1	7.0
bleat	399	3.3509	1	7.0
audit	399	3.3509	1	7.0
stock	399	3.3509	1	7.0
bacon	399	3.351	1	7.0
slick	399	3.351	1	7.0
spoke	399	3.351	1	7.0
radio	396	3.3511	4	2.0
stole	396	3.3511	4	5.25
poise	398	3.3516	2	3.5
gleam	398	3.3518	2	7.0
bench	398	3.3518	2	3.5
other	395	3.352	5	3.2
world	400	3.3525
ralph	400	3.3525
spiel	400	3.3525
lusty	397	3.3525	3	2.3333
shelf	397	3.3528	3	2.3333
pansy	394	3.3528	6	3.6665
octal	399	3.3533	1	7.0
posit	399	3.3534	1	7.0
bring	399	3.3534	1	7.0
argue	393	3.3538	7	3.2859
aloft	398	3.3542	2	3.5
shine	398	3.3543	2	4.0
marsh	398	3.3543	2	3.5
trawl	398	3.3543	2	3.5
crony	395	3.3544	5	2.8
abort	400	3.355
crypt	397	3.3551	3	2.3333
hardy	397	3.3552	3	2.3333
minor	397	3.3552	3	5.0
cobra	397	3.3554	3	2.3333
shape	399	3.3558	1	7.0
steam	399	3.3559	1	7.0
frame	399	3.3559	1	7.0
hound	399	3.3559	1	8.0
broad	396	3.3559	4	3.5
hotel	396	3.3561	4	2.0
swath	396	3.3561	4	1.75
mouth	396	3.3562	4	5.4997
borne	398	3.3567	2	7.5
knead	398	3.3568	2	3.5
manly	400	3.3575
gulch	400	3.3575
elfin	400	3.3575
glint	397	3.3576	3	5.0
renal	397	3.3576	3	7.0
stage	397	3.3577	3	3.0
micro	397	3.3577	3	2.3333
thorn	397	3.3577	3	7.333
minty	397	3.3577	3	2.3333
brine	397	3.3577	3	2.6667
fresh	397	3.3579	3	2.3333
nudge	394	3.3579	6	2.3333
curse	399	3.3584	1	7.0
graft	399	3.3584	1	7.0
antic	399	3.3585	1	7.0
dirty	396	3.3586	4	1.75
chest	396	3.3588	4	3.5
singe	396	3.3588	4	3.75
blurt	398	3.3592	2	3.5
mourn	398	3.3593	2	4.0
orbit	395	3.3593	5	2.8
block	398	3.3594	2	3.5
badly	398	3.3594	2	4.0
gaunt	395	3.3595	5	1.6
shire	395	3.3598	5	3.0
stave	400	3.36
slack	400	3.36
begat	397	3.3602	3	2.3333
angle	397	3.3602	3	2.3333
lathe	397	3.3602	3	2.6667
ultra	399	3.3609	1	7.0
teach	399	3.3609	1	7.0
lunar	396	3.361	4	1.75
ridge	398	3.3617	2	7.0
spike	398	3.3618	2	3.5
unset	398	3.3619	2	3.5
relic	395	3.3621	5	1.4
sandy	400	3.3625
front	400	3.3625
flank	400	3.3625
smoke	397	3.3625	3	2.3333
ethos	397	3.3626	3	2.3333
reach	397	3.3626	3	7.0
stead	397	3.3627	3	2.3333
arose	397	3.3627	3	4.6667
elate	397	3.3628	3	2.3333
datum	399	3.3633	1	7.0
smite	399	3.3633	1	7.0
stoic	399	3.3633	1	7.0
beast	399	3.3634	1	7.0
sower	399	3.3634	1	7.0
brush	399	3.3634	1	8.0
slime	399	3.3635	1	7.0
crime	396	3.3638	4	1.75
frisk	398	3.3641	2	3.5
facet	398	3.3642	2	7.5
adobe	398	3.3643	2	3.5
inter	398	3.3644	2	7.0
track	395	3.3646	5	2.8
acute	400	3.365
brash	400	3.365
month	400	3.365
demon	397	3.3651	3	2.3333
gaily	397	3.3651	3	2.3333
deign	397	3.3652	3	2.6667
their	397	3.3652	3	5.0
patio	397	3.3652	3	2.3333
wider	397	3.3654	3	2.3333
spank	397	3.3654	3	2.6667
purse	397	3.3654	3	4.6667
briny	394	3.3655	6	4.8333
gonad	391	3.366	9	2.4443
sword	399	3.366	1	7.0
fetus	396	3.3661	4	7.25
cavil	396	3.3662	4	3.5
spark	396	3.3662	4	3.5
foist	396	3.3662	4	3.75
lemon	398	3.3667	2	3.5
stank	398	3.3668	2	7.0
butch	398	3.3668	2	7.0
drown	398	3.3668	2	3.5
organ	398	3.3669	2	7.0
untie	395	3.367	5	4.2
labor	395	3.3671	5	1.4
phase	400	3.3675
tonal	400	3.3675
upset	400	3.3675
plunk	397	3.3677	3	2.3333
nasty	397	3.368	3	5.0
scrum	399	3.3683	1	8.0
store	399	3.3683	1	7.0
plush	399	3.3684	1	7.0
spiny	399	3.3684	1	8.0
under	399	3.3685	1	7.0
stink	399	3.3685	1	7.0
could	399	3.3685	1	7.0
mower	396	3.3687	4	7.25
tulip	393	3.3689	7	4.1429
tweak	398	3.3693	2	3.5
sumac	398	3.3693	2	3.5
adore	395	3.3696	5	1.4
baker	395	3.3697	5	3.2
prime	395	3.3697	5	1.4
south	400	3.37
piper	392	3.37	8	1.875
clown	400	3.37
tuber	397	3.3703	3	2.3333
cause	397	3.3703	3	2.3333
apron	397	3.3704	3	2.3333
trove	397	3.3704	3	3.0
lurch	399	3.3709	1	7.0
polka	399	3.3709	1	7.0
cadet	399	3.371	1	7.0
macro	399	3.371	1	7.0
craft	399	3.371	1	7.0
fairy	396	3.3712	4	2.0
unmet	396	3.3712	4	1.75
flare	398	3.3718	2	7.0
uncle	398	3.3719	2	7.0
spicy	398	3.372	2	7.5
shrew	395	3.3723	5	1.4
cling	400	3.3725
lunch	397	3.3728	3	7.0
broth	394	3.3732	6	3.5
cumin	399	3.3734	1	7.0
heard	399	3.3735	1	7.0
shove	396	3.3738	4	1.75
guest	398	3.3743	2	3.5
climb	398	3.3743	2	3.5
pinto	398	3.3743	2	4.5
moist	398	3.3745	2	3.5
brown	400	3.375
blame	400	3.375
rifle	400	3.375
claim	400	3.375
basin	397	3.3753	3	2.3333
repay	397	3.3753	3	2.3333
tunic	397	3.3753	3	2.3333
finch	397	3.3754	3	4.6667
perch	397	3.3756	3	2.3333
china	399	3.3759	1	7.0
depot	399	3.3759	1	7.0
poser	399	3.376	1	8.0
nerdy	399	3.376	1	7.0
unite	399	3.3761	1	7.0
stake	399	3.3761	1	8.0
feral	396	3.3763	4	3.5
trick	398	3.3768	2	7.5
gnome	398	3.3768	2	3.5
slimy	398	3.3769	2	3.5
patch	400	3.3775
girly	400	3.3775
pinch	400	3.3775
women	397	3.3777	3	4.6667
modal	397	3.3778	3	2.3333
nobly	397	3.378	3	2.3333
liver	394	3.3781	6	1.1667
prism	399	3.3783	1	8.0
canoe	399	3.3784	1	7.0
grape	399	3.3784	1	7.0
think	399	3.3784	1	7.0
truly	399	3.3785	1	7.0
pivot	396	3.3787	4	1.75
realm	396	3.3787	4	1.75
leash	396	3.3788	4	3.5
scaly	398	3.3793	2	3.5
psalm	398	3.3794	2	3.5
spawn	398	3.3794	2	3.5
churn	395	3.3799	5	2.8
wafer	400	3.38
began	392	3.3801	8	1.0
tipsy	397	3.3802	3	5.0
unlit	397	3.3804	3	4.6667
shorn	397	3.3805	3	2.3333
yearn	399	3.3809	1	7.0
mince	399	3.3809	1	7.0
diner	399	3.3809	1	7.0
plead	399	3.381	1	7.0
anger	393	3.3816	7	1.0
light	398	3.3819	2	3.5
filet	398	3.3819	2	3.5
cutie	398	3.382	2	7.0
brick	400	3.3825
blend	400	3.3825
baron	397	3.3829	3	7.0
entry	397	3.3829	3	4.6667
satyr	397	3.3829	3	2.6667
frond	399	3.3835	1	7.0
broil	399	3.3835	1	8.0
loath	399	3.3836	1	8.0
beard	396	3.3838	4	5.7503
reply	398	3.3844	2	7.0
savor	398	3.3846	2	3.5
manor	395	3.3849	5	1.4
optic	400	3.385
prick	400	3.385
staid	400	3.385
mirth	397	3.3853	3	4.6667
opine	397	3.3855	3	2.3333
about	397	3.3856	3	2.3333
rusty	399	3.3859	1	7.0
basil	399	3.3859	1	7.0
mogul	399	3.386	1	7.0
smack	399	3.386	1	7.0
fault	399	3.386	1	7.0
heron	399	3.3861	1	7.0
salve	399	3.3861	1	7.0
agent	396	3.3862	4	1.75
glade	396	3.3863	4	1.75
rouse	396	3.3864	4	3.5
shout	398	3.3868	2	3.5
dingo	398	3.387	2	3.5
moral	395	3.3874	5	3.0
smote	400	3.3875
mural	400	3.3875
media	392	3.3878	8	1.75
chute	397	3.3879	3	5.0
ideal	394	3.3883	6	2.3333
welch	399	3.3885	1	7.0
swore	399	3.3885	1	7.0
write	399	3.3885	1	8.0
cough	396	3.3889	4	1.75
total	393	3.3891	7	4.0
prune	398	3.3893	2	3.5
valor	398	3.3894	2	4.0
wrack	398	3.3894	2	7.0
witch	398	3.3895	2	3.5
rivet	398	3.3895	2	7.0
caste	400	3.39
laugh	400	3.39
cabal	400	3.39
nadir	395	3.3901	5	4.6002
gruel	397	3.3902	3	4.6667
maple	397	3.3903	3	4.6667
stalk	397	3.3903	3	5.0
faith	397	3.3904	3	2.3333
stuck	397	3.3904	3	2.3333
ficus	397	3.3904	3	2.6667
night	397	3.3905	3	7.0
covet	397	3.3906	3	4.6667
abled	397	3.3906	3	2.3333
binge	397	3.3907	3	4.6667
scarf	399	3.3909	1	7.0
party	399	3.391	1	7.0
stunk	399	3.391	1	8.0
chair	399	3.3911	1	7.0
tepid	394	3.3911	6	3.6665
acrid	396	3.3914	4	5.4997
sound	396	3.3914	4	1.75
ingot	396	3.3914	4	3.5
aphid	396	3.3915	4	2.0
retch	398	3.3918	2	3.5
frost	398	3.3919	2	7.0
sharp	398	3.392	2	3.5
thong	398	3.392	2	3.5
mound	398	3.3921	2	3.5
urine	395	3.3922	5	2.8
chase	400	3.3925
unfit	395	3.3925	5	1.4
belch	397	3.3928	3	2.3333
miser	397	3.3929	3	2.6667
bluer	397	3.3929	3	2.6667
crush	397	3.3929	3	7.0
drink	397	3.393	3	2.3333
steak	397	3.3932	3	2.3333
early	394	3.3933	6	1.1667
favor	399	3.3934	1	7.0
lithe	399	3.3935	1	7.0
filth	399	3.3935	1	7.0
cameo	394	3.3935	6	1.3333
mange	393	3.3941	7	2.1429
surly	398	3.3944	2	3.5
stick	398	3.3944	2	7.0
album	398	3.3945	2	7.0
bleak	398	3.3945	2	3.5
chore	398	3.3945	2	3.5
empty	398	3.3945	2	4.0
story	398	3.3946	2	3.5
envoy	398	3.3946	2	3.5
debar	395	3.3948	5	3.0
owner	395	3.3949	5	1.4
scram	400	3.395
lurid	400	3.395
olive	395	3.3951	5	1.4
lucid	395	3.3952	5	1.4
twine	397	3.3953	3	2.6667
evict	397	3.3954	3	2.3333
blink	397	3.3955	3	2.3333
stony	399	3.3961	1	8.0
shied	396	3.3965	4	3.5
fried	396	3.3965	4	5.7503
guilt	396	3.3967	4	1.75
cairn	398	3.3968	2	4.0
after	398	3.3969	2	4.0
scary	398	3.3971	2	3.5
scrub	398	3.3971	2	7.0
blush	398	3.3971	2	3.5
aunty	398	3.3971	2	3.5
fiber	395	3.3973	5	4.2
alike	395	3.3973	5	1.4
logic	400	3.3975
flame	400	3.3975
thing	397	3.3978	3	2.6667
robin	397	3.3979	3	2.3333
rehab	397	3.3981	3	5.0
doubt	397	3.3982	3	4.6667
dowel	399	3.3984	1	7.0
gusto	399	3.3984	1	7.0
flush	399	3.3986	1	7.0
pesto	399	3.3986	1	7.0
shave	396	3.3989	4	3.5
chain	396	3.3989	4	3.5
epoch	396	3.3992	4	3.5
visor	398	3.3994	2	4.0
bicep	398	3.3994	2	3.5
shift	398	3.3994	2	3.5
felon	398	3.3994	2	7.0
paint	398	3.3995	2	4.0
chunk	398	3.3996	2	7.0
bison	398	3.3996	2	3.5
brawl	397	3.4004	3	2.3333
neigh	397	3.4004	3	2.3333
child	397	3.4004	3	4.6667
agile	397	3.4004	3	2.3333
being	392	3.4005	8	1.75
mango	397	3.4005	3	2.3333
sepia	397	3.4006	3	4.6667
ashen	397	3.4007	3	4.6667
peach	397	3.4008	3	2.3333
thank	399	3.4009	1	7.0
rebus	399	3.401	1	7.0
duvet	396	3.4014	4	3.5
sneak	396	3.4016	4	1.75
agony	396	3.4016	4	3.5
clung	398	3.4019	2	8.0
habit	398	3.402	2	3.5
shank	398	3.4022	2	3.5
crash	400	3.4025
twang	400	3.4025
viral	395	3.4025	5	2.8
leaky	395	3.4026	5	1.4
carve	397	3.403	3	4.6667
raven	397	3.403	3	2.3333
along	397	3.403	3	2.3333
gamut	397	3.4031	3	2.3333
lumen	397	3.4031	3	4.6667
serum	399	3.4034	1	7.0
lingo	399	3.4034	1	7.0
towel	396	3.4039	4	3.75
begun	396	3.4042	4	2.0
taker	398	3.4044	2	3.5
incur	393	3.4044	7	5.1429
flier	398	3.4045	2	7.5
nicer	398	3.4046	2	4.0
clump	400	3.405
sadly	400	3.405
inert	400	3.405
brave	400	3.405
taste	395	3.4051	5	2.8
girth	397	3.4054	3	2.3333
denim	397	3.4054	3	2.3333
handy	397	3.4055	3	2.6667
voila	397	3.4055	3	4.6667
group	399	3.4061	1	7.0
cabin	399	3.4061	1	7.0
bread	396	3.4064	4	3.5
palsy	398	3.4069	2	7.5
musty	398	3.4071	2	3.5
watch	400	3.4075
chide	400	3.4075
treat	390	3.4077	10	2.1
cloak	397	3.4079	3	2.6667
cower	397	3.4081	3	2.3333
pluck	397	3.4081	3	5.3333
stool	397	3.4081	3	2.3333
piney	397	3.4082	3	2.3333
widen	397	3.4082	3	2.3333
beach	399	3.4084	1	7.0
nomad	399	3.4085	1	8.0
skier	394	3.4086	6	2.3333
leper	399	3.4086	1	7.0
reign	399	3.4086	1	7.0
trait	394	3.4087	6	1.1667
meter	396	3.4092	4	1.75
lower	396	3.4092	4	3.75
shade	398	3.4095	2	7.0
eight	393	3.4095	7	4.0
tulle	393	3.4096	7	1.0
hazel	398	3.4096	2	3.5
forth	398	3.4098	2	3.5
glory	400	3.41
vapor	395	3.4102	5	1.4
build	397	3.4105	3	4.6667
burly	397	3.4106	3	2.3333
royal	397	3.4107	3	2.6667
humor	397	3.4107	3	2.3333
drank	399	3.4109	1	7.0
swirl	399	3.411	1	9.0
shoal	399	3.411	1	7.0
cover	399	3.411	1	7.0
valid	399	3.4111	1	7.0
vicar	399	3.4111	1	7.0
tubal	399	3.4111	1	7.0
gourd	396	3.4114	4	1.75
wheat	396	3.4115	4	1.75
balmy	396	3.4117	4	1.75
drunk	398	3.412	2	4.0
fetch	398	3.412	2	3.5
grail	398	3.4121	2	7.0
debug	398	3.4121	2	7.0
croup	398	3.4122	2	3.5
power	398	3.4122	2	3.5
smith	400	3.4125
alive	395	3.4127	5	1.4
apart	397	3.413	3	4.6667
freak	397	3.413	3	4.6667
coral	397	3.4131	3	2.6667
tower	397	3.4131	3	2.3333
navel	397	3.4132	3	2.3333
bland	399	3.4134	1	7.0
filer	399	3.4136	1	8.0
chasm	398	3.4144	2	3.5
worst	398	3.4145	2	3.5
elect	398	3.4145	2	3.5
fling	398	3.4146	2	7.0
beady	398	3.4146	2	3.5
dogma	398	3.4147	2	3.5
shaky	398	3.4147	2	7.0
flora	398	3.4147	2	3.5
vista	400	3.415
might	395	3.415	5	2.8
tense	395	3.4152	5	2.8
ethic	397	3.4157	3	2.3333
rainy	397	3.4157	3	5.0
phony	397	3.4158	3	2.3333
graph	399	3.4159	1	7.0
macho	399	3.416	1	7.0
ghost	399	3.4161	1	7.0
chief	399	3.4161	1	7.0
randy	396	3.4169	4	3.5
femur	398	3.417	2	3.5
burst	400	3.4175
altar	397	3.418	3	2.3333
shirk	397	3.4181	3	5.0
farce	397	3.4181	3	7.0
sheik	397	3.4183	3	5.0
smock	399	3.4185	1	7.0
wager	399	3.4187	1	7.0
shady	394	3.4189	6	1.1667
retro	396	3.4191	4	1.75
weary	396	3.4192	4	5.4997
flask	396	3.4193	4	1.75
diary	398	3.4195	2	3.5
often	398	3.4196	2	3.5
scuba	398	3.4196	2	7.0
mangy	398	3.4197	2	3.5
moldy	400	3.42
dwarf	400	3.42
taken	397	3.4206	3	2.3333
havoc	397	3.4207	3	2.3333
input	397	3.4207	3	5.0
baton	397	3.4207	3	4.6667
found	397	3.4208	3	4.6667
admit	397	3.4208	3	2.6667
flout	399	3.4209	1	7.0
harem	399	3.421	1	7.0
verso	399	3.421	1	8.0
aptly	399	3.421	1	7.0
drawn	399	3.4211	1	7.0
outer	396	3.4216	4	6.0
suing	396	3.4217	4	3.5
thrum	396	3.4217	4	5.25
hovel	398	3.422	2	3.5
tawny	398	3.4221	2	3.5
thyme	398	3.4222	2	7.5
spunk	398	3.4222	2	7.0
irony	393	3.4224	7	1.0
doing	395	3.4227	5	3.0
viper	397	3.4232	3	4.6667
tease	397	3.4232	3	2.3333
etude	397	3.4233	3	2.3333
bowel	399	3.4235	1	7.0
focal	399	3.4235	1	7.0
knelt	399	3.4236	1	8.0
valet	399	3.4236	1	7.0
mason	399	3.4236	1	7.0
liken	399	3.4236	1	7.0
prawn	399	3.4237	1	7.0
mercy	394	3.4238	6	1.1667
yield	396	3.4241	4	1.75
honey	396	3.4242	4	7.0
badge	396	3.4242	4	3.5
atoll	396	3.4243	4	1.75
intro	398	3.4246	2	7.0
thumb	398	3.4246	2	3.5
swine	398	3.4247	2	3.5
trust	398	3.4247	2	3.5
usage	400	3.425
ankle	400	3.425
bound	400	3.425
loamy	393	3.425	7	2.0
befit	400	3.425
afoul	395	3.4254	5	3.0
still	397	3.4256	3	2.6667
house	397	3.4257	3	5.0
champ	397	3.4258	3	2.3333
voter	397	3.4259	3	2.3333
tangy	399	3.426	1	7.0
tiger	399	3.4261	1	7.0
dairy	399	3.4261	1	7.0
motif	399	3.4261	1	7.0
shawl	399	3.4262	1	7.0
bugle	396	3.4266	4	3.5
maybe	396	3.4268	4	5.25
steel	396	3.4268	4	3.5
demur	398	3.427	2	3.5
fatal	396	3.427	4	1.75
built	398	3.4272	2	3.5
flood	398	3.4272	2	7.0
flung	398	3.4272	2	3.5
gravy	391	3.4272	9	2.3333
manic	400	3.4275
twirl	400	3.4275
rebut	400	3.4275
matey	400	3.4275
image	400	3.4275
steer	395	3.4278	5	1.4
float	393	3.4278	7	2.1429
glove	397	3.428	3	5.3333
hoist	397	3.428	3	4.6667
shack	397	3.4281	3	2.3333
aside	397	3.4281	3	5.0
salad	397	3.4281	3	2.3333
shard	397	3.4282	3	2.3333
charm	397	3.4282	3	4.6667
there	390	3.4283	10	2.1999
spade	397	3.4283	3	4.6667
amble	399	3.4285	1	7.0
decry	397	3.4285	3	2.3333
below	399	3.4286	1	7.0
focus	399	3.4287	1	7.0
ebony	394	3.4289	6	3.5
shiny	394	3.4289	6	1.3333
poker	396	3.4291	4	3.5
oaken	396	3.4291	4	2.0
audio	396	3.4292	4	1.75
minus	396	3.4292	4	3.75
beret	396	3.4293	4	1.75
stood	396	3.4293	4	3.75
amber	398	3.4296	2	7.5
lousy	398	3.4297	2	3.5
notch	398	3.4297	2	7.0
hasty	398	3.4297	2	3.5
voice	393	3.4299	7	3.0
sprig	400	3.43
sinew	400	3.43
using	395	3.4303	5	1.4
duchy	397	3.4306	3	4.6667
cigar	397	3.4307	3	2.6667
tardy	397	3.4308	3	2.3333
fudge	397	3.4309	3	2.3333
crowd	399	3.4311	1	7.0
rebar	394	3.4314	6	3.6665
naive	396	3.4315	4	2.25
budge	396	3.4316	4	5.4997
infer	396	3.4318	4	1.75
guide	396	3.4319	4	1.75
gusty	398	3.432	2	4.0
reset	398	3.4321	2	3.5
ledge	398	3.4321	2	3.5
moult	398	3.4322	2	3.5
stoke	400	3.4325
vapid	395	3.4328	5	2.8
mouse	395	3.433	5	2.8
batch	397	3.4331	3	4.6667
daily	397	3.4332	3	4.6667
brawn	397	3.4333	3	2.3333
wiser	397	3.4333	3	2.3333
swear	399	3.4335	1	7.0
swamp	399	3.4335	1	8.0
croak	399	3.4336	1	7.0
grave	396	3.4342	4	1.75
flyer	396	3.4343	4	3.5
mount	396	3.4343	4	3.5
noisy	398	3.4348	2	3.5
spool	398	3.4348	2	3.5
basic	398	3.4349	2	3.5
slump	400	3.435
mulch	400	3.435
flash	400	3.435
horny	397	3.4355	3	2.3333
yacht	397	3.4357	3	4.6667
crepe	397	3.4357	3	2.3333
cress	397	3.4358	3	2.3333
filmy	397	3.4358	3	2.3333
ghoul	399	3.436	1	7.0
extol	399	3.436	1	7.0
pouch	399	3.4361	1	7.0
rogue	394	3.4365	6	1.1667
grown	396	3.4367	4	5.25
easel	398	3.4371	2	3.5
bleep	398	3.4371	2	3.5
imply	398	3.4372	2	3.5
candy	398	3.4372	2	8.0
nasal	398	3.4373	2	7.0
march	400	3.4375
dried	393	3.4377	7	1.1429
abide	395	3.4381	5	4.6002
piano	397	3.4382	3	2.3333
pudgy	397	3.4382	3	5.6667
devil	397	3.4383	3	2.6667
fluid	397	3.4383	3	2.3333
unfed	397	3.4384	3	2.3333
dimly	399	3.4385	1	7.0
lease	399	3.4386	1	7.0
flake	394	3.4391	6	2.5
ounce	396	3.4393	4	3.75
sigma	396	3.4395	4	1.75
shake	398	3.4397	2	3.5
chafe	398	3.4397	2	3.5
brute	398	3.4398	2	3.5
swarm	398	3.4398	2	3.5
groan	400	3.44
sugar	395	3.4404	5	1.4
gayer	395	3.4405	5	1.4
hairy	395	3.4406	5	1.4
bride	397	3.4407	3	2.3333
craze	397	3.4408	3	2.3333
crown	399	3.441	1	7.0
swing	399	3.441	1	7.0
tonga	399	3.4412	1	7.0
abhor	396	3.4418	4	3.75
erect	396	3.4419	4	3.5
biome	396	3.442	4	5.25
disco	398	3.4421	2	7.5
dusty	398	3.4421	2	3.5
fight	398	3.4423	2	3.5
fleck	398	3.4423	2	7.5
grope	398	3.4424	2	3.5
blimp	400	3.4425
scour	393	3.443	7	2.0
forty	395	3.4431	5	2.8
lumpy	395	3.4431	5	1.4
curly	397	3.4432	3	2.3333
forum	399	3.4435	1	7.0
silky	399	3.4437	1	7.0
tacky	398	3.4447	2	3.5
alarm	398	3.4447	2	3.5
cagey	396	3.4447	4	1.75
prove	398	3.4449	2	3.5
flour	400	3.445
sight	400	3.445
green	397	3.4457	3	4.6667
aglow	397	3.4457	3	2.3333
midge	397	3.4459	3	2.3333
right	399	3.446	1	7.0
rumba	399	3.446	1	7.0
lapel	397	3.446	3	2.3333
style	399	3.4462	1	7.0
safer	396	3.4468	4	1.75
money	398	3.4471	2	3.5
choke	398	3.4471	2	8.0
bonus	398	3.4472	2	7.0
blank	398	3.4472	2	7.0
payer	395	3.448	5	1.4
halve	397	3.4482	3	4.6667
gavel	397	3.4484	3	2.3333
warty	399	3.4486	1	8.0
exact	399	3.4486	1	8.0
arena	399	3.4487	1	7.0
covey	399	3.4487	1	7.0
crave	396	3.4495	4	1.75
punch	398	3.4496	2	3.5
vocal	398	3.4498	2	3.5
frail	398	3.4498	2	3.5
stoop	400	3.45
hence	391	3.4501	9	0.7778
lasso	395	3.4505	5	2.8
corny	395	3.4506	5	3.0
today	397	3.4508	3	2.6667
motor	397	3.4508	3	2.3333
among	397	3.451	3	4.6667
trunk	397	3.451	3	2.6667
carat	399	3.451	1	7.0
rhyme	397	3.451	3	4.6667
rhino	399	3.4511	1	7.0
fluke	394	3.4517	6	3.6665
troll	396	3.4518	4	1.75
genre	394	3.4519	6	2.3333
caulk	396	3.4519	4	3.5
drool	396	3.452	4	6.0
vegan	396	3.452	4	1.75
decay	398	3.4522	2	7.0
music	398	3.4522	2	7.0
decoy	398	3.4523	2	3.5
ought	395	3.4531	5	1.4
dingy	395	3.4531	5	4.3998
stung	397	3.4533	3	2.3333
bushy	397	3.4534	3	2.3333
mealy	397	3.4534	3	2.3333
wrung	397	3.4536	3	2.3333
flesh	399	3.4536	1	7.0
molar	399	3.4537	1	7.0
depth	399	3.4537	1	7.0
haven	396	3.4544	4	1.75
turbo	398	3.4547	2	3.5
deter	400	3.455
study	400	3.455
issue	395	3.4556	5	3.2
gnash	397	3.4557	3	2.3333
surer	397	3.4558	3	2.6667
sneer	395	3.4558	5	2.8
leafy	397	3.4559	3	2.3333
curve	397	3.456	3	4.6667
milky	399	3.4561	1	7.0
perky	397	3.4561	3	2.3333
botch	399	3.4562	1	7.0
tiara	396	3.457	4	1.75
toast	396	3.457	4	1.75
globe	396	3.457	4	3.5
inlay	396	3.4571	4	1.75
broke	398	3.4572	2	7.0
anvil	398	3.4573	2	8.0
bravo	398	3.4574	2	7.5
stall	400	3.4575
morph	400	3.4575
youth	395	3.458	5	4.8
condo	395	3.4581	5	1.4
dicey	393	3.4582	7	3.0
start	397	3.4584	3	4.6667
salvo	395	3.4584	5	2.8
given	399	3.4586	1	7.0
sulky	399	3.4587	1	7.0
thief	399	3.4587	1	7.0
flair	396	3.4594	4	1.75
allot	396	3.4595	4	1.75
trite	396	3.4595	4	1.75
wordy	398	3.4597	2	3.5
solve	396	3.4597	4	2.0
value	398	3.4598	2	3.5
stork	400	3.46
vague	391	3.4604	9	1.6667
curio	393	3.4605	7	1.1429
ovary	395	3.4605	5	3.0
maker	395	3.4609	5	4.2
hydro	397	3.4609	3	2.3333
suave	397	3.4609	3	3.0
torso	399	3.461	1	7.0
magic	396	3.462	4	3.5
quilt	396	3.462	4	3.5
frank	396	3.462	4	1.75
afire	398	3.4621	2	3.5
vigor	398	3.4622	2	7.0
blaze	398	3.4623	2	3.5
elope	398	3.4624	2	3.5
bloke	398	3.4624	2	7.0
scene	400	3.4625
flaky	398	3.4625	2	4.0
relay	397	3.4633	3	2.3333
thick	395	3.4633	5	1.6
pence	397	3.4634	3	2.6667
winch	397	3.4635	3	2.3333
terra	399	3.4636	1	7.0
theme	394	3.4644	6	2.6667
daisy	396	3.4648	4	1.75
spiky	398	3.4649	2	7.0
piety	396	3.4649	4	3.5
taunt	398	3.4649	2	7.0
zonal	398	3.4651	2	3.5
rouge	395	3.4658	5	2.8
natal	395	3.4659	5	1.4
legal	395	3.4659	5	4.2
drove	397	3.466	3	3.0
shark	397	3.4662	3	2.6667
surge	399	3.4663	1	7.0
worth	399	3.4663	1	7.0
swami	399	3.4663	1	7.0
dread	394	3.467	6	3.5
ready	394	3.467	6	2.3333
lucky	396	3.4671	4	3.5
downy	396	3.4671	4	3.5
wreak	396	3.4671	4	1.75
brief	398	3.4672	2	3.5
urban	396	3.4672	4	5.25
pushy	396	3.4672	4	1.75
glyph	396	3.4673	4	3.5
wight	398	3.4673	2	4.0
deity	398	3.4673	2	4.0
bunch	398	3.4673	2	3.5
fritz	398	3.4674	2	3.5
sleet	398	3.4674	2	4.0
pithy	400	3.4675
whole	400	3.4675
white	397	3.4685	3	7.333
black	397	3.4685	3	2.6667
hover	397	3.4685	3	2.6667
dumpy	397	3.4686	3	4.6667
knave	399	3.4686	1	7.0
weird	397	3.4686	3	2.3333
pouty	399	3.4687	1	8.0
weigh	397	3.4687	3	2.3333
stash	399	3.4688	1	7.0
porch	399	3.4688	1	7.0
squat	394	3.4693	6	1.1667
elite	396	3.4696	4	7.0
foray	396	3.4697	4	1.75
brake	398	3.4698	2	4.0
screw	398	3.4698	2	7.0
crumb	398	3.4699	2	3.5
spree	400	3.47
dense	400	3.47
class	400	3.47
slunk	400	3.47
otter	395	3.4708	5	1.4
droop	397	3.4709	3	2.3333
flunk	397	3.471	3	2.3333
usher	397	3.471	3	4.6667
helix	395	3.471	5	3.0
lying	399	3.4711	1	7.0
snuck	399	3.4711	1	7.0
creed	399	3.4713	1	7.0
speck	399	3.4713	1	7.0
crawl	399	3.4713	1	7.0
threw	394	3.4721	6	1.1667
vital	396	3.4723	4	5.7503
creak	398	3.4723	2	3.5
algae	396	3.4723	4	1.75
admin	398	3.4724	2	7.0
exalt	398	3.4724	2	7.5
stack	398	3.4724	2	3.5
cyber	400	3.4725
overt	400	3.4725
snowy	400	3.4725
angry	395	3.4733	5	2.8
carry	395	3.4735	5	2.8
title	397	3.4736	3	4.6667
erase	394	3.4747	6	2.3333
dutch	398	3.4747	2	3.5
forge	396	3.4748	4	5.25
enter	398	3.4749	2	3.5
pesky	400	3.475
woman	400	3.475
munch	399	3.4761	1	7.0
retry	397	3.4761	3	5.0
enema	399	3.4761	1	8.0
piece	397	3.4761	3	2.3333
woken	399	3.4762	1	7.0
boney	397	3.4762	3	2.3333
corer	394	3.4772	6	3.5
venom	398	3.4773	2	3.5
steed	398	3.4773	2	7.0
human	398	3.4774	2	4.0
eaten	398	3.4774	2	3.5
avert	398	3.4774	2	3.5
clack	396	3.4775	4	1.75
clove	398	3.4775	2	3.5
prowl	398	3.4775	2	3.5
hyena	395	3.4784	5	4.3998
grimy	397	3.4786	3	4.6667
preen	399	3.4786	1	8.0
swung	399	3.4787	1	7.0
brisk	396	3.4796	4	3.5
whose	396	3.4796	4	3.5
bingo	394	3.4799	6	1.3333
derby	398	3.4799	2	3.5
truth	400	3.48
choir	397	3.481	3	4.6667
shell	397	3.481	3	2.3333
titan	395	3.4811	5	1.6
gipsy	397	3.4811	3	2.3333
mayor	397	3.4811	3	7.0
rugby	397	3.4811	3	2.3333
aping	397	3.4812	3	8.0
lefty	395	3.4812	5	1.4
truss	399	3.4813	1	7.0
gazer	392	3.4821	8	2.625
detox	394	3.4821	6	2.6667
awful	398	3.4823	2	3.5
crazy	398	3.4823	2	3.5
dowry	396	3.4823	4	1.75
break	398	3.4824	2	3.5
poesy	398	3.4825	2	7.0
taboo	396	3.4825	4	1.75
diver	395	3.4834	5	2.8
spill	397	3.4834	3	2.3333
opera	395	3.4836	5	4.2
award	397	3.4837	3	4.6667
pasta	397	3.4837	3	2.3333
fancy	397	3.4837	3	2.3333
purer	399	3.4837	1	7.0
shock	399	3.4837	1	7.0
fiery	397	3.4838	3	2.3333
flack	399	3.4838	1	7.0
joint	394	3.4848	6	1.3333
sheer	398	3.4849	2	3.5
coven	398	3.4849	2	4.0
opium	396	3.4849	4	3.5
snaky	396	3.4851	4	3.5
lanky	397	3.486	3	2.3333
frock	399	3.4862	1	7.0
abuse	399	3.4862	1	7.0
while	397	3.4862	3	4.6667
wagon	399	3.4863	1	7.0
bawdy	394	3.4873	6	1.1667
homer	398	3.4873	2	3.5
width	396	3.4874	4	1.75
welsh	400	3.4875
smirk	398	3.4875	2	3.5
relax	396	3.4876	4	3.5
blown	397	3.4886	3	2.3333
these	395	3.4886	5	2.8
godly	399	3.4886	1	7.0
repel	399	3.4887	1	7.0
greet	395	3.4887	5	1.4
ruler	395	3.4888	5	1.4
amuse	397	3.4889	3	2.3333
zebra	396	3.4897	4	1.75
tenth	396	3.4898	4	4.0
itchy	398	3.4898	2	3.5
blitz	398	3.4899	2	3.5
newly	398	3.4899	2	7.0
hotly	400	3.49
roost	398	3.49	2	7.0
unwed	400	3.49
murky	394	3.49	6	1.1667
flick	397	3.4911	3	2.3333
vomit	393	3.4912	7	2.0
visit	395	3.4912	5	1.4
boxer	397	3.4912	3	2.3333
dress	397	3.4913	3	2.3333
sloop	399	3.4913	1	7.0
nymph	399	3.4913	1	7.0
tying	395	3.4913	5	2.8
shoot	396	3.4925	4	3.75
dandy	400	3.4925
hatch	400	3.4925
dross	396	3.4926	4	1.75
eater	398	3.4926	2	7.5
axion	393	3.4935	7	1.0
waive	397	3.4936	3	4.6667
awoke	395	3.4936	5	2.8
whisk	399	3.4936	1	7.0
conch	395	3.4936	5	2.8
creep	397	3.4937	3	2.3333
tract	397	3.4937	3	5.0
jaunt	397	3.4937	3	2.3333
elide	397	3.4937	3	4.6667
tacit	395	3.494	5	1.4
owing	394	3.4948	6	1.1667
niece	392	3.4949	8	1.75
whelp	398	3.495	2	7.0
curvy	400	3.495
grill	396	3.4951	4	3.5
toxin	397	3.496	3	2.6667
dying	397	3.4961	3	4.6667
shall	395	3.4962	5	2.8
noose	397	3.4962	3	7.0
agate	397	3.4962	3	2.3333
drama	399	3.4962	1	7.0
sooth	397	3.4964	3	2.3333
mania	396	3.4974	4	1.75
strut	396	3.4975	4	1.75
hinge	396	3.4975	4	1.75
prize	394	3.4975	6	2.3333
knife	396	3.4975	4	3.5
wring	398	3.4975	2	3.5
cease	398	3.4976	2	7.0
chalk	397	3.4987	3	5.0
apnea	399	3.4987	1	7.0
phone	397	3.4988	3	2.3333
vying	395	3.4988	5	3.0
rocky	395	3.4988	5	1.4
donor	395	3.4989	5	2.8
idler	395	3.4989	5	3.0
pinky	397	3.4989	3	2.3333
dough	397	3.499	3	2.3333
hitch	394	3.4998	6	1.1667
sleep	398	3.4999	2	3.5
lyric	400	3.5
conic	396	3.5	4	1.75
udder	392	3.5	8	1.0
troop	396	3.5001	4	1.75
stunt	396	3.5001	4	3.5
graze	396	3.5001	4	5.25
giver	396	3.5002	4	1.75
dopey	397	3.5011	3	4.6667
foamy	397	3.5012	3	2.3333
paper	397	3.5012	3	2.3333
uncut	395	3.5012	5	2.8
goose	399	3.5013	1	7.0
alley	395	3.5013	5	2.8
coach	395	3.5013	5	1.4
moose	395	3.5013	5	2.8
flown	397	3.5013	3	4.6667
frown	399	3.5013	1	7.0
prude	399	3.5013	1	7.0
sheen	393	3.5014	7	2.1429
mocha	398	3.5023	2	3.5
lupus	398	3.5024	2	3.5
fleet	396	3.5025	4	1.75
segue	398	3.5025	2	7.0
vaunt	400	3.5025
whale	399	3.5036	1	8.0
comfy	399	3.5036	1	7.0
colon	399	3.5037	1	7.0
kneel	395	3.5037	5	1.4
wrong	399	3.5038	1	7.0
sheep	399	3.5038	1	7.0
guild	399	3.5038	1	8.0
ombre	395	3.5039	5	4.3998
sooty	393	3.5039	7	5.1429
freed	398	3.5048	2	3.5
video	396	3.5049	4	2.0
asset	398	3.505	2	7.5
abode	394	3.505	6	2.3333
lofty	398	3.505	2	3.5
chaos	395	3.5061	5	4.2
slosh	395	3.5062	5	2.8
bible	397	3.5062	3	4.6667
wheel	399	3.5063	1	7.0
smoky	397	3.5064	3	4.6667
press	398	3.5075	2	3.5
froze	394	3.5075	6	4.6667
heady	400	3.5075
bough	398	3.5076	2	4.0
omega	398	3.5076	2	4.5
eagle	396	3.5078	4	1.75
shrug	399	3.5087	1	7.0
peace	399	3.5088	1	7.0
ditty	397	3.5088	3	5.3333
smell	399	3.5088	1	7.0
tough	395	3.509	5	1.4
vouch	396	3.5101	4	5.25
blurb	396	3.5101	4	1.75
brink	399	3.5112	1	7.0
glaze	397	3.5113	3	4.6667
ruder	395	3.5113	5	1.4
humid	399	3.5113	1	8.0
heavy	399	3.5114	1	7.0
delay	394	3.5126	6	3.6665
movie	394	3.5127	6	2.3333
meaty	394	3.5128	6	1.1667
joist	398	3.5128	2	3.5
local	397	3.5137	3	5.0
eying	397	3.5139	3	2.3333
buddy	395	3.5139	5	1.4
wimpy	397	3.514	3	2.3333
stint	395	3.514	5	3.0
fishy	400	3.515
slush	396	3.515	4	1.75
foyer	398	3.515	2	3.5
crier	398	3.515	2	3.5
ninth	396	3.5151	4	1.75
fungi	396	3.5151	4	5.25
truck	396	3.5152	4	1.75
vowel	399	3.5164	1	7.0
fella	395	3.5165	5	1.4
creme	394	3.5175	6	1.1667
whirl	398	3.5176	2	3.5
latte	398	3.5176	2	7.0
canal	398	3.5176	2	3.5
vinyl	398	3.5176	2	7.0
outgo	396	3.5177	4	3.75
ladle	396	3.5179	4	1.75
speed	399	3.5188	1	8.0
exult	399	3.5188	1	7.0
adapt	395	3.5189	5	4.3998
gaudy	396	3.52	4	2.0
sweet	398	3.5201	2	7.0
truer	398	3.5201	2	3.5
gloss	398	3.5202	2	3.5
windy	392	3.5202	8	2.8751
bliss	396	3.5203	4	1.75
inner	396	3.5204	4	2.0
three	392	3.5205	8	1.875
sully	394	3.5205	6	1.1667
stove	399	3.5213	1	7.0
viola	395	3.5213	5	2.8
ratty	397	3.5214	3	4.6667
hefty	397	3.5214	3	4.6667
juice	397	3.5215	3	3.0
buxom	398	3.5225	2	7.0
beset	398	3.5226	2	3.5
fence	396	3.5227	4	3.5
hedge	398	3.5227	2	3.5
cross	396	3.5229	4	5.25
elegy	394	3.5231	6	3.5
spoon	399	3.5238	1	7.0
quote	393	3.5239	7	2.2857
rearm	397	3.524	3	4.6667
exist	395	3.5241	5	4.2
spell	397	3.5241	3	2.3333
greed	393	3.5243	7	1.0
synod	399	3.5262	1	7.0
alibi	397	3.5264	3	2.3333
unity	397	3.5265	3	2.3333
floor	395	3.5267	5	1.4
umbra	398	3.5276	2	3.5
rural	398	3.5276	2	7.0
buyer	396	3.5278	4	3.5
eking	396	3.5279	4	3.5
aware	394	3.528	6	1.1667
husky	397	3.5289	3	4.6667
picky	399	3.5289	1	9.0
larva	397	3.529	3	2.3333
above	397	3.529	3	2.3333
toxic	395	3.5293	5	1.4
qualm	398	3.5299	2	3.5
sweep	398	3.53	2	3.5
small	400	3.53
blood	398	3.5301	2	4.5
grove	396	3.5301	4	1.75
avail	398	3.5301	2	7.5
label	398	3.5301	2	7.0
elder	396	3.5303	4	3.5
belie	398	3.5303	2	3.5
semen	392	3.5306	8	0.875
topaz	399	3.5313	1	7.0
tasty	397	3.5315	3	2.3333
squad	395	3.5318	5	1.4
merry	391	3.5319	9	4.0
syrup	396	3.5327	4	1.75
bless	399	3.5338	1	7.0
basis	395	3.534	5	1.4
chump	397	3.534	3	2.3333
chill	397	3.534	3	7.0
parry	395	3.5343	5	4.2
rupee	398	3.5352	2	3.5
state	398	3.5352	2	3.5
idiot	396	3.5355	4	3.75
apple	399	3.5363	1	7.0
risky	399	3.5363	1	7.0
rowdy	399	3.5364	1	7.0
tutor	399	3.5364	1	8.0
booty	397	3.5365	3	4.6667
wharf	397	3.5365	3	2.3333
fixer	393	3.5369	7	2.0
sleek	400	3.5375
parer	398	3.5375	2	3.5
young	398	3.5377	2	3.5
alloy	396	3.5378	4	1.75
steep	398	3.5378	2	3.5
gecko	398	3.5378	2	7.5
delve	399	3.5389	1	8.0
parka	399	3.5389	1	7.0
hyper	395	3.5391	5	1.4
elbow	397	3.5392	3	5.0
virus	395	3.5394	5	1.4
eager	393	3.5396	7	1.0
riser	389	3.5399	11	1.4545
sauna	400	3.54
merge	398	3.5402	2	3.5
basal	398	3.5402	2	3.5
sixth	399	3.5413	1	7.0
quest	397	3.5414	3	4.6667
robot	397	3.5415	3	2.3333
hello	397	3.5415	3	2.3333
tithe	397	3.5417	3	2.6667
musky	393	3.5418	7	1.0
giddy	391	3.5421	9	2.3333
bloom	400	3.5425
alpha	400	3.5425
showy	398	3.5426	2	3.5
undid	398	3.5426	2	7.0
snoop	398	3.5427	2	7.0
dully	396	3.5429	4	5.25
growl	396	3.5429	4	2.0
iliac	396	3.5429	4	3.5
usurp	396	3.543	4	3.75
dozen	396	3.543	4	1.75
quart	396	3.543	4	1.75
comic	394	3.5432	6	1.1667
axiom	390	3.5435	10	2.9
loose	399	3.5438	1	8.0
elude	397	3.5441	3	7.333
imbue	397	3.5442	3	2.3333
maize	397	3.5442	3	4.6667
betel	395	3.5444	5	3.0
unify	395	3.5444	5	1.4
liege	393	3.5446	7	3.1427
drill	398	3.5451	2	4.0
dusky	398	3.5451	2	3.5
rival	399	3.5465	1	7.0
loopy	397	3.5466	3	5.0
paddy	397	3.5466	3	2.3333
ardor	397	3.5466	3	7.333
skimp	397	3.5466	3	2.3333
novel	397	3.5467	3	4.6667
beech	397	3.5467	3	2.3333
hutch	395	3.5467	5	4.3998
abase	395	3.5468	5	2.8
gauze	393	3.5469	7	2.0
breed	395	3.5469	5	2.8
mauve	397	3.5469	3	2.3333
utter	393	3.547	7	1.0
ovate	393	3.5472	7	2.0
wispy	398	3.5477	2	3.5
sixty	398	3.5477	2	3.5
usual	398	3.5477	2	3.5
cello	398	3.5478	2	3.5
scoop	398	3.5479	2	4.0
shown	398	3.5479	2	3.5
privy	398	3.5479	2	3.5
boost	394	3.5483	6	1.3333
limit	399	3.5488	1	7.0
feign	399	3.5489	1	8.0
catch	397	3.5491	3	2.3333
lorry	395	3.5491	5	1.4
major	398	3.5501	2	3.5
flock	398	3.5502	2	7.5
timid	396	3.5503	4	3.5
scree	396	3.5505	4	2.5
digit	396	3.5506	4	2.0
gumbo	396	3.5506	4	1.75
ester	397	3.5515	3	2.3333
extra	397	3.5517	3	2.3333
slash	395	3.5519	5	2.8
woven	395	3.5519	5	2.8
theta	393	3.5521	7	4.0
roger	393	3.5522	7	1.0
canon	396	3.5532	4	3.5
posse	394	3.5534	6	2.6667
skulk	399	3.5538	1	7.0
bribe	399	3.554	1	8.0
azure	397	3.5541	3	2.6667
tarot	397	3.5543	3	2.6667
masse	397	3.5544	3	2.3333
gayly	395	3.5544	5	3.0
bulky	395	3.5544	5	2.8
heath	395	3.5545	5	3.0
harry	395	3.5546	5	4.6002
renew	400	3.555
hymen	400	3.555
funky	396	3.5554	4	4.25
edify	396	3.5556	4	1.75
sieve	396	3.5556	4	3.75
avoid	394	3.5558	6	2.3333
swoon	392	3.5561	8	0.875
staff	399	3.5564	1	7.0
mucky	397	3.5567	3	2.6667
octet	395	3.5571	5	1.4
ovine	395	3.5571	5	1.4
rider	395	3.5572	5	1.6
skull	400	3.5575
cacti	398	3.5577	2	7.0
taint	398	3.5578	2	3.5
belly	396	3.558	4	3.5
folio	394	3.5584	6	2.3333
attic	397	3.5591	3	5.0
lilac	397	3.5592	3	2.3333
couch	397	3.5592	3	2.3333
butte	395	3.5594	5	1.4
rodeo	395	3.5595	5	1.6
crack	393	3.5598	7	2.0
dryer	395	3.5598	5	1.4
skill	396	3.5604	4	1.75
booth	398	3.5604	2	3.5
plump	396	3.5605	4	1.75
riper	396	3.5606	4	3.5
rough	396	3.5608	4	5.4997
chess	397	3.5616	3	4.6667
savoy	395	3.562	5	2.8
tenet	393	3.5623	7	1.0
tryst	396	3.5629	4	3.5
ensue	394	3.5633	6	1.1667
frill	399	3.5639	1	7.0
moron	399	3.564	1	8.0
unzip	399	3.564	1	7.0
prior	397	3.564	3	2.3333
patty	397	3.5642	3	2.3333
quota	397	3.5643	3	3.3333
penny	395	3.5646	5	4.2
borax	398	3.5652	2	7.0
batty	396	3.5655	4	3.5
catty	396	3.5657	4	3.5
fully	394	3.5659	6	2.3333
stout	399	3.5663	1	7.0
lipid	399	3.5663	1	7.0
gross	399	3.5664	1	7.0
vodka	397	3.5666	3	4.6667
gawky	397	3.5667	3	4.6667
endow	397	3.5667	3	2.3333
annoy	393	3.5673	7	2.0
bylaw	396	3.5683	4	3.5
rigor	397	3.5694	3	2.3333
enemy	397	3.5694	3	2.3333
racer	398	3.5703	2	3.5
armor	397	3.5717	3	4.6667
junta	397	3.5719	3	4.6667
grass	395	3.572	5	1.4
trout	395	3.572	5	3.2
agape	397	3.572	3	2.3333
macaw	400	3.5725
mushy	400	3.5725
whack	400	3.5725
pubic	398	3.5728	2	3.5
canny	398	3.5729	2	4.0
deuce	398	3.573	2	7.5
naval	396	3.5731	4	3.5
pagan	396	3.5732	4	5.4997
bayou	396	3.5734	4	3.5
outdo	394	3.5735	6	2.3333
rebel	399	3.5739	1	8.0
augur	397	3.5741	3	5.0
beget	397	3.5744	3	5.3333
totem	395	3.5747	5	1.4
aroma	395	3.5747	5	1.4
sunny	393	3.5748	7	3.0
sheet	400	3.575
guess	398	3.5755	2	3.5
waver	396	3.5758	4	3.5
fjord	398	3.5778	2	4.0
brass	398	3.578	2	3.5
crock	397	3.5791	3	2.3333
spoof	397	3.5792	3	2.3333
circa	397	3.5793	3	2.3333
inbox	397	3.5794	3	2.3333
pupil	395	3.5799	5	5.6
thigh	398	3.5805	2	7.5
crass	398	3.5806	2	3.5
livid	397	3.5817	3	2.3333
droll	395	3.5822	5	2.0
click	400	3.5825
agree	398	3.5828	2	7.0
serve	398	3.5829	2	7.0
chili	396	3.5831	4	3.75
dodge	396	3.5833	4	3.5
friar	394	3.5837	6	2.3333
joust	399	3.5839	1	7.0
oxide	392	3.5839	8	2.7499
creek	397	3.5845	3	2.6667
briar	395	3.5847	5	4.3998
reuse	395	3.5847	5	4.2
erode	398	3.5855	2	7.5
quite	396	3.5859	4	1.75
leave	397	3.5868	3	2.6667
leech	397	3.5869	3	2.3333
ether	395	3.5872	5	2.8
rally	395	3.5873	5	1.4
scoff	400	3.5875
marry	398	3.588	2	7.0
ennui	396	3.5884	4	1.75
sewer	397	3.5895	3	2.3333
glass	400	3.59
inane	393	3.5901	7	3.0
offal	395	3.5901	5	1.6
gorge	393	3.5901	7	1.0
ivory	398	3.5904	2	3.5
goody	396	3.591	4	1.75
junto	396	3.591	4	1.75
dummy	396	3.5911	4	1.75
petty	399	3.5914	1	7.0
dwell	397	3.5919	3	2.3333
fauna	395	3.5923	5	1.4
howdy	400	3.5925
venue	398	3.593	2	4.0
occur	396	3.5934	4	1.75
cinch	399	3.5941	1	7.0
igloo	397	3.5944	3	2.3333
recur	395	3.5947	5	4.2
ruddy	395	3.5948	5	1.4
bleed	395	3.5949	5	1.4
missy	395	3.5949	5	4.2
banal	398	3.5954	2	8.0
tally	398	3.5955	2	3.5
snuff	398	3.5956	2	3.5
wedge	398	3.5957	2	4.0
dally	396	3.5958	4	1.75
needy	396	3.5959	4	3.5
wreck	397	3.5968	3	4.6667
stilt	397	3.5969	3	2.6667
spasm	397	3.597	3	5.0
seven	397	3.5971	3	4.6667
reedy	397	3.5972	3	5.0
leery	395	3.5974	5	2.8
siege	395	3.5974	5	3.0
payee	400	3.5975
skunk	393	3.5977	7	2.0
comma	393	3.5979	7	1.0
chaff	398	3.5979	2	3.5
aging	396	3.5984	4	3.5
curry	391	3.5985	9	2.4443
swill	396	3.5985	4	1.75
cache	394	3.5989	6	1.1667
quiet	394	3.599	6	3.6665
index	394	3.599	6	1.1667
cheer	394	3.5991	6	1.1667
silly	397	3.5993	3	2.6667
libel	392	3.5994	8	1.875
rerun	397	3.5995	3	2.3333
honor	397	3.5995	3	2.3333
lever	397	3.5996	3	2.3333
quash	397	3.5996	3	2.3333
ember	397	3.5996	3	2.3333
drier	395	3.5999	5	1.4
zesty	400	3.6
amiss	398	3.6005	2	3.5
hurry	394	3.6015	6	1.1667
query	392	3.602	8	1.75
essay	395	3.6023	5	3.0
abate	395	3.6026	5	1.4
cheek	395	3.6026	5	4.3998
afoot	398	3.603	2	3.5
allow	396	3.6035	4	3.75
equal	396	3.6036	4	6.2497
obese	399	3.6039	1	7.0
again	397	3.6046	3	2.3333
stuff	395	3.6051	5	2.8
knack	398	3.6054	2	3.5
arbor	398	3.6054	2	3.5
photo	398	3.6056	2	4.0
bevel	398	3.6056	2	3.5
floss	396	3.6058	4	3.5
icing	396	3.606	4	1.75
manga	396	3.606	4	7.5
abyss	396	3.6061	4	3.75
krill	399	3.6064	1	7.0
bossy	394	3.6065	6	1.1667
joker	399	3.6065	1	7.0
crick	394	3.6067	6	2.5
pooch	397	3.6071	3	7.333
gloom	397	3.6072	3	2.3333
sally	392	3.6072	8	3.5
annul	400	3.6075
idyll	395	3.6078	5	2.8
hippy	398	3.608	2	4.5
puree	393	3.6081	7	3.1427
civil	396	3.6082	4	1.75
druid	396	3.6085	4	1.75
color	399	3.6089	1	7.0
aloof	397	3.6096	3	4.6667
apply	400	3.61
toddy	395	3.6101	5	1.4
radar	393	3.6104	7	3.0
defer	398	3.6107	2	3.5
brook	394	3.6114	6	2.5
wacky	397	3.6119	3	2.3333
fatty	397	3.6121	3	2.3333
golly	397	3.6121	3	7.333
polyp	395	3.6125	5	1.6
broom	398	3.6131	2	3.5
jumpy	398	3.6131	2	7.0
clock	398	3.6132	2	3.5
waltz	396	3.6136	4	1.75
rumor	391	3.6138	9	3.1111
waxen	394	3.6143	6	1.1667
theft	397	3.6144	3	2.3333
where	397	3.6146	3	4.6667
putty	399	3.6165	1	8.0
proof	399	3.6165	1	7.0
pique	399	3.6165	1	7.0
flail	394	3.6167	6	2.6667
koala	397	3.6171	3	2.3333
spook	397	3.6172	3	5.0
hunky	397	3.6174	3	2.3333
cabby	400	3.6175
holly	395	3.6178	5	2.8
fewer	398	3.6181	2	3.5
ahead	396	3.6186	4	3.75
event	396	3.6187	4	1.75
ionic	397	3.6195	3	5.0
tibia	397	3.6195	3	4.6667
swash	397	3.6196	3	2.3333
vixen	397	3.6196	3	2.3333
aorta	392	3.6198	8	2.7499
filly	398	3.6206	2	3.5
brood	398	3.6207	2	4.0
odder	396	3.6211	4	3.5
mover	396	3.6212	4	2.0
dryly	399	3.6214	1	7.0
swoop	399	3.6216	1	7.0
ditto	399	3.6217	1	7.0
tweed	398	3.6231	2	3.5
swell	398	3.6232	2	3.5
bosom	399	3.6241	1	7.0
whiny	395	3.6252	5	1.4
banjo	398	3.6257	2	7.0
verse	399	3.6266	1	7.0
testy	397	3.6271	3	2.3333
avian	395	3.6277	5	3.2
await	393	3.6284	7	1.0
muddy	396	3.6288	4	1.75
folly	396	3.6288	4	1.75
quoth	394	3.6293	6	2.5
stiff	397	3.6296	3	2.3333
order	395	3.6302	5	1.6
revel	395	3.6304	5	1.4
offer	393	3.6311	7	4.0
pixel	396	3.6314	4	1.75
tight	399	3.6315	1	7.0
egret	394	3.6317	6	2.3333
mucus	397	3.6322	3	2.3333
radii	397	3.6323	3	4.6667
quack	392	3.6327	8	1.875
quirk	395	3.6328	5	3.2
linen	392	3.6328	8	3.75
enjoy	395	3.6328	5	4.2
diode	395	3.6328	5	3.0
eject	398	3.6331	2	3.5
equip	398	3.6332	2	3.5
lobby	399	3.6341	1	7.0
embed	399	3.6341	1	8.0
genie	394	3.6345	6	2.3333
awash	397	3.6348	3	4.6667
ferry	398	3.6356	2	3.5
shook	398	3.6358	2	3.5
moody	393	3.6359	7	5.1429
river	394	3.6369	6	2.3333
never	394	3.637	6	1.3333
forgo	394	3.6371	6	1.1667
crook	397	3.6371	3	2.3333
sorry	392	3.6377	8	3.875
beefy	395	3.638	5	2.8
humus	398	3.6382	2	3.5
roomy	396	3.6387	4	5.25
dolly	399	3.6392	1	7.0
valve	397	3.6397	3	2.3333
teddy	397	3.6398	3	2.3333
adage	395	3.6403	5	1.4
heave	398	3.6407	2	4.0
witty	397	3.6421	3	2.3333
happy	397	3.6424	3	2.3333
harsh	397	3.6424	3	2.3333
coyly	395	3.6428	5	2.8
nutty	395	3.643	5	1.4
cubic	395	3.6431	5	1.6
gypsy	398	3.6432	2	3.5
abbey	393	3.6438	7	4.1429
gauge	393	3.6438	7	2.0
gully	392	3.6452	8	2.7499
wooer	392	3.6454	8	2.625
llama	395	3.6456	5	1.4
cliff	399	3.6465	1	8.0
kneed	396	3.6465	4	3.5
pulpy	396	3.6465	4	2.0
vigil	396	3.6465	4	3.5
modem	397	3.6473	3	7.0
bongo	398	3.6481	2	7.0
twist	395	3.6481	5	1.4
kitty	393	3.6487	7	2.0
groom	396	3.6489	4	2.0
evade	396	3.649	4	1.75
mossy	390	3.649	10	2.1
gaffe	396	3.6513	4	1.75
idiom	396	3.6514	4	7.25
soggy	396	3.6517	4	1.75
union	397	3.6523	3	5.0
excel	397	3.6523	3	2.3333
exert	395	3.6531	5	1.4
fifth	396	3.6538	4	5.4997
revue	393	3.654	7	2.0
lowly	396	3.6541	4	2.0
dilly	397	3.6547	3	2.6667
mecca	394	3.6547	6	1.1667
knoll	394	3.6548	6	2.3333
arrow	397	3.6549	3	3.3333
seize	395	3.6556	5	1.4
nerve	395	3.6557	5	1.4
quail	392	3.6557	8	2.7499
rigid	395	3.6557	5	1.4
proxy	393	3.6566	7	2.2857
epoxy	397	3.6572	3	2.3333
bitty	394	3.6572	6	1.5
hunch	394	3.6573	6	3.5
fever	397	3.6574	3	7.0
smash	397	3.6575	3	2.3333
gassy	396	3.659	4	3.5
funny	399	3.6591	1	7.0
kiosk	395	3.6606	5	1.4
rower	396	3.6615	4	3.5
undue	396	3.6616	4	3.75
tabby	397	3.6624	3	4.6667
bunny	394	3.6625	6	3.5
rarer	389	3.6631	11	1.9091
gooey	392	3.6632	8	0.875
newer	398	3.6633	2	3.5
rabbi	392	3.6633	8	0.875
chick	398	3.6634	2	3.5
cynic	396	3.664	4	1.75
mafia	396	3.664	4	1.75
abbot	393	3.6641	7	3.0
shyly	395	3.6655	5	2.8
seedy	398	3.6658	2	7.0
taffy	394	3.6675	6	2.3333
sever	397	3.6676	3	7.0
vogue	395	3.6682	5	3.0
whoop	398	3.6682	2	3.5
mambo	398	3.6683	2	3.5
rover	392	3.6683	8	2.625
hussy	395	3.6683	5	4.2
furry	398	3.6685	2	4.0
willy	399	3.6691	1	7.0
sushi	396	3.6691	4	1.75
gouge	396	3.6692	4	5.4997
goofy	399	3.6692	1	7.0
piggy	396	3.6693	4	3.75
icily	396	3.6693	4	1.75
widow	394	3.67	6	2.3333
nylon	394	3.6701	6	3.6665
verge	398	3.6709	2	3.5
cluck	398	3.6709	2	7.0
loyal	398	3.6709	2	7.0
teeth	394	3.6727	6	4.8333
guava	395	3.6733	5	1.4
worry	393	3.6742	7	4.1429
askew	399	3.6742	1	7.0
bezel	399	3.6742	1	8.0
leggy	397	3.675	3	2.3333
jumbo	397	3.675	3	2.3333
fugue	395	3.6758	5	4.2
pygmy	396	3.6767	4	1.75
bully	396	3.6769	4	3.75
aback	397	3.6774	3	5.0
oddly	392	3.6786	8	1.0
weave	399	3.6791	1	8.0
squib	396	3.6792	4	1.75
dodgy	393	3.6794	7	1.0
cycle	396	3.6795	4	1.75
salsa	395	3.6809	5	1.4
awake	395	3.6809	5	1.4
villa	396	3.6816	4	2.0
rotor	396	3.6819	4	1.75
hippo	397	3.6826	3	4.6667
hilly	394	3.6827	6	1.1667
gummy	397	3.6852	3	2.6667
emcee	397	3.6852	3	2.3333
upper	398	3.6858	2	7.0
humph	398	3.6859	2	3.5
chock	399	3.6867	1	7.0
caddy	399	3.6867	1	7.0
jetty	398	3.6883	2	3.5
refer	395	3.6886	5	1.4
kebab	399	3.6891	1	8.0
bluff	399	3.6893	1	7.0
juicy	393	3.6896	7	2.0
every	395	3.6913	5	1.4
weedy	395	3.6937	5	4.2
papal	395	3.6938	5	1.4
rajah	396	3.6945	4	5.25
magma	394	3.6957	6	1.1667
billy	393	3.6972	7	1.2857
knock	397	3.6975	3	2.3333
expel	397	3.6975	3	5.0
which	397	3.6976	3	2.3333
plaza	397	3.6977	3	2.3333
skiff	398	3.6984	2	3.5
belle	398	3.6985	2	3.5
razor	392	3.699	8	2.25
mimic	396	3.6995	4	1.75
array	390	3.6998	10	1.4
hobby	394	3.7005	6	4.0
gruff	400	3.7025
whiff	397	3.7028	3	2.3333
myrrh	397	3.7028	3	4.6667
swish	397	3.7029	3	7.667
tweet	395	3.7038	5	1.6
cacao	396	3.7044	4	4.0
fussy	397	3.7052	3	4.6667
furor	395	3.7065	5	2.8
geese	397	3.7079	3	2.3333
judge	398	3.7086	2	7.0
chuck	395	3.7087	5	1.6
quark	389	3.7094	11	0.6364
wooly	394	3.7107	6	2.5
going	392	3.7116	8	1.0
dowdy	396	3.7119	4	1.75
karma	396	3.712	4	1.75
quick	396	3.7122	4	3.75
tooth	397	3.7128	3	5.3333
ovoid	396	3.7146	4	1.75
queer	388	3.7167	12	1.1667
sappy	399	3.7168	1	7.0
amass	396	3.7171	4	3.5
berry	390	3.7182	10	1.4
pixie	389	3.7198	11	1.9999
queen	394	3.7208	6	2.3333
motto	395	3.7216	5	5.6
annex	392	3.7219	8	1.875
jerky	394	3.7232	6	2.5
jelly	394	3.7235	6	2.5
check	397	3.7257	3	2.3333
sniff	398	3.7261	2	4.0
allay	399	3.7268	1	7.0
sense	399	3.7269	1	7.0
geeky	395	3.7292	5	1.4
quill	393	3.7305	7	1.0
tepee	398	3.731	2	3.5
femme	395	3.734	5	1.4
khaki	395	3.7341	5	3.0
exile	393	3.7351	7	1.1429
guppy	398	3.7361	2	7.0
evoke	393	3.7404	7	5.0
amaze	398	3.7412	2	7.0
tatty	395	3.7416	5	3.0
biddy	396	3.7423	4	1.75
penne	399	3.7443	1	8.0
ozone	395	3.7444	5	1.4
fifty	397	3.7457	3	7.333
minim	392	3.7474	8	2.625
verve	394	3.7513	6	3.6665
twixt	395	3.7545	5	2.8
booze	397	3.7558	3	2.3333
puffy	399	3.7595	1	7.0
axial	395	3.7595	5	1.4
baggy	395	3.7645	5	2.8
kinky	395	3.7671	5	1.4
onion	388	3.7679	12	1.75
cocoa	394	3.7689	6	1.1667
known	395	3.7696	5	2.8
sissy	397	3.7706	3	2.3333
buggy	397	3.7707	3	2.3333
quasi	397	3.7708	3	2.6667
slyly	396	3.7728	4	5.25
assay	394	3.774	6	1.3333
savvy	395	3.7745	5	2.8
error	395	3.7774	5	1.4
boozy	396	3.7778	4	3.5
freer	396	3.7779	4	5.4997
eerie	393	3.7787	7	2.0
foggy	395	3.7798	5	4.2
wryly	395	3.7875	5	1.4
maxim	394	3.7917	6	3.5
pizza	395	3.7923	5	2.8
poppy	395	3.7924	5	4.2
jewel	394	3.7945	6	1.1667
fluff	395	3.7949	5	1.4
woody	397	3.796	3	5.0
madam	397	3.8011	3	2.3333
gamma	398	3.8014	2	4.0
ninja	393	3.8039	7	1.1429
shush	393	3.8042	7	2.0
daddy	395	3.8051	5	3.0
quake	397	3.8061	3	2.6667
mummy	390	3.8077	10	2.1999
ninny	392	3.8115	8	2.625
mammy	394	3.8173	6	1.1667
quell	396	3.818	4	1.75
fanny	396	3.818	4	1.75
juror	396	3.8232	4	1.75
jolly	396	3.8235	4	2.0
affix	396	3.8259	4	3.5
booby	397	3.8263	3	5.0
melee	397	3.8337	3	4.6667
level	395	3.8356	5	3.0
puppy	395	3.8406	5	2.8
civic	398	3.8417	2	3.5
nanny	395	3.853	5	1.4
jiffy	393	3.8552	7	2.1429
kappa	399	3.8572	1	8.0
mamma	392	3.8595	8	2.625
sassy	396	3.8662	4	1.75
dizzy	393	3.8677	7	2.1429
bobby	396	3.8685	4	1.75
kayak	393	3.8701	7	2.1429
vivid	391	3.8723	9	1.5556
woozy	394	3.8933	6	1.1667
queue	388	3.8942	12	0.6667
fuzzy	398	3.9119	2	3.5
fizzy	397	3.9145	3	2.3333
jazzy	396	3.9344	4	1.75
