trace	3975	3.1572	25	1.48
slate	3985	3.1592	15	0.4667
trail	3977	3.1673	23	2.1304
plate	3986	3.1682	14	1.0
leant	3985	3.1694	15	0.9333
crate	3978	3.1722	22	1.6364
stale	3987	3.1767	13	1.7693
least	3982	3.1822	18	1.1667
slept	3992	3.184	8	0.875
petal	3990	3.185	10	1.4
dealt	3981	3.1894	19	0.7368
leapt	3985	3.19	15	2.3333
spelt	3989	3.1909	11	0.6364
lapse	3989	3.1914	11	1.2727
pleat	3996	3.1932	4	4.0
trice	3973	3.1935	27	1.8148
scant	3981	3.1956	19	0.7368
decal	3983	3.1965	17	1.7059
slant	3987	3.198	13	2.1538
panel	3981	3.1984	19	0.7368
react	3979	3.1985	21	1.7143
train	3983	3.2005	17	1.7059
alert	3966	3.2019	34	1.2353
trash	3990	3.2023	10	2.8
split	3992	3.2025	8	1.75
scale	3981	3.2032	19	1.5263
taper	3984	3.2042	16	1.3749
stare	3972	3.2048	28	1.3929
trope	3981	3.2056	19	0.3684
spent	3995	3.2064	5	2.8
place	3974	3.2078	26	0.8461
eclat	3986	3.2087	14	1.6429
caste	3981	3.2096	19	1.9474
slain	3978	3.21	22	1.5909
renal	3974	3.211	26	1.3462
print	3991	3.2117	9	0.7778
scalp	3989	3.2124	11	3.9093
roast	3981	3.2131	19	0.3684
snort	3986	3.2134	14	0.5
crept	3985	3.2135	15	1.8667
tripe	3991	3.2136	9	1.5556
slope	3989	3.2136	11	4.0909
drape	3973	3.2138	27	2.1481
splat	3992	3.214	8	0.875
triad	3980	3.214	20	0.75
cleat	3977	3.2142	23	1.3043
crest	3974	3.2145	26	1.8846
saint	3979	3.2156	21	0.6667
clean	3978	3.2156	22	0.6364
spilt	3985	3.2158	15	2.3333
tried	3975	3.2159	25	1.28
scent	3985	3.216	15	1.4
slice	3986	3.2161	14	3.1427
later	3979	3.2162	21	1.0476
pearl	3971	3.2165	29	1.0
pecan	3981	3.217	19	1.4737
spurt	3986	3.2178	14	2.0
plane	3979	3.219	21	2.0
trial	3979	3.2191	21	2.381
trade	3986	3.2191	14	2.5714
alter	3976	3.2194	24	2.375
heart	3977	3.2198	23	0.3478
sport	3991	3.2207	9	0.7778
cater	3976	3.221	24	2.0417
coral	3979	3.221	21	1.8095
spear	3986	3.2211	14	0.5
paint	3986	3.2211	14	0.5
plant	3990	3.2215	10	1.4
penal	3981	3.2215	19	1.8947
satin	3974	3.2221	26	0.8461
truce	3977	3.2223	23	0.6087
tread	3974	3.2226	26	1.1154
tilde	3983	3.2232	17	1.2941
crane	3978	3.2234	22	1.4091
lance	3983	3.2242	17	1.7647
stein	3975	3.2245	25	1.96
dance	3971	3.2249	29	0.4828
inlet	3972	3.2257	28	0.25
steal	3990	3.2258	10	2.9
clone	3978	3.2258	22	2.0455
droit	3973	3.2261	27	1.4074
snare	3977	3.2271	23	0.9565
parse	3989	3.2274	11	0.8182
clasp	3992	3.2279	8	0.875
tenor	3969	3.2281	31	0.9355
crone	3972	3.2284	28	0.2857
close	3987	3.2287	13	1.0769
motel	3980	3.2289	20	0.7
clout	3985	3.229	15	2.0
spite	3973	3.2291	27	1.3333
pulse	3986	3.2292	14	0.5
stone	3986	3.2304	14	0.5
strip	3993	3.2317	7	1.0
pried	3979	3.2322	21	1.7143
plier	3976	3.2326	24	0.9166
stole	3977	3.233	23	1.913
smart	3984	3.233	16	2.3125
acorn	3979	3.2335	21	1.381
gloat	3977	3.2342	23	0.3043
earth	3978	3.2342	22	1.2727
plait	3986	3.2352	14	1.5
pilot	3990	3.2356	10	2.8
laden	3979	3.2365	21	0.3333
shalt	3990	3.2373	10	2.1
since	3981	3.2373	19	2.2105
chart	3988	3.2377	12	1.25
strap	3991	3.2379	9	0.7778
heist	3977	3.2381	23	0.913
paste	3991	3.2389	9	0.7778
pride	3986	3.2395	14	0.5714
space	3980	3.2397	20	1.4
rinse	3985	3.24	15	0.9333
trend	3985	3.24	15	3.0668
cairn	3976	3.241	24	3.125
drone	3961	3.2412	39	1.6154
bloat	3988	3.2414	12	0.6667
merit	3973	3.2418	27	1.037
learn	3967	3.2419	33	1.2727
scone	3978	3.2419	22	0.6364
metal	3982	3.2419	18	1.1667
crisp	3984	3.2423	16	0.4375
prone	3984	3.2427	16	1.3749
spiel	3989	3.2427	11	1.2727
beast	3986	3.2429	14	1.1429
store	3985	3.2433	15	2.0
chant	3981	3.2436	19	1.1053
share	3974	3.2438	26	0.5385
meant	3984	3.2438	16	2.25
adult	3985	3.2439	15	0.9333
talon	3987	3.2442	13	1.0769
tramp	3984	3.2444	16	2.6876
adept	3982	3.2445	18	1.1667
price	3981	3.2446	19	0.7368
first	3976	3.2446	24	0.875
shale	3986	3.2459	14	1.5714
actor	3974	3.2459	26	1.5385
spout	3983	3.246	17	1.2941
blade	3985	3.2462	15	0.9333
tribe	3986	3.2463	14	4.5
spare	3982	3.2463	18	2.9443
adorn	3969	3.2463	31	1.1935
stern	3971	3.247	29	1.931
front	3981	3.247	19	1.4737
smelt	3985	3.2472	15	1.4
snore	3977	3.2473	23	1.5652
stain	3976	3.2474	24	0.3333
sloth	3994	3.2474	6	2.3333
count	3972	3.2475	28	1.8573
snail	3976	3.2478	24	0.2917
spire	3983	3.2478	17	0.4118
grate	3974	3.248	26	2.0001
salon	3989	3.2485	11	1.2727
curse	3984	3.2489	16	0.4375
snipe	3985	3.2491	15	0.4667
baste	3983	3.2491	17	0.4118
tidal	3982	3.2494	18	0.7778
recut	3983	3.2497	17	1.2353
slime	3979	3.2498	21	0.3333
score	3971	3.2499	29	2.2758
unset	3975	3.2505	25	0.28
stair	3973	3.2507	27	0.2593
their	3970	3.2509	30	0.4667
enact	3971	3.2509	29	1.2414
aisle	3977	3.2509	23	0.913
crust	3988	3.2514	12	0.5833
table	3992	3.2516	8	3.5
smite	3981	3.2519	19	0.7368
bleat	3988	3.2523	12	1.75
pedal	3983	3.2525	17	1.7647
snout	3982	3.2525	18	1.5556
smote	3982	3.2526	18	2.7222
claim	3983	3.2526	17	0.8235
resin	3982	3.2527	18	1.5556
heard	3968	3.2529	32	1.5625
glade	3984	3.2531	16	2.1875
anode	3957	3.2533	43	1.628
louse	3971	3.2533	29	1.2069
stand	3991	3.2534	9	0.7778
realm	3980	3.2534	20	1.05
large	3981	3.2534	19	0.7368
cadet	3978	3.2538	22	2.0455
delta	3976	3.2539	24	0.9166
irate	3973	3.2543	27	0.7778
haste	3979	3.2544	21	1.0476
short	3983	3.2547	17	1.6471
grant	3978	3.2556	22	1.4091
teary	3962	3.2557	38	1.8159
false	3980	3.2561	20	0.7
remit	3978	3.2563	22	0.9545
cried	3967	3.2563	33	0.9394
diner	3968	3.2565	32	1.5625
cable	3983	3.2571	17	0.8235
siren	3966	3.2573	34	1.0294
timer	3976	3.2573	24	0.2917
plaid	3978	3.2574	22	2.6364
carol	3973	3.2577	27	2.4073
risen	3981	3.2582	19	0.3684
recap	3989	3.2584	11	0.6364
brace	3980	3.2587	20	1.2
pesto	3988	3.2589	12	1.1667
plied	3986	3.2589	14	1.0714
polar	3975	3.2591	25	0.56
scorn	3978	3.2591	22	2.409
tonal	3979	3.2592	21	0.3333
spade	3979	3.2593	21	0.3333
great	3969	3.2593	31	2.8386
phase	3987	3.2594	13	1.0769
scare	3978	3.2598	22	0.3182
inert	3981	3.26	19	1.9474
thorn	3979	3.26	21	1.6667
flint	3977	3.2602	23	1.5217
saner	3969	3.2607	31	1.3548
tepid	3985	3.2608	15	1.4
feast	3979	3.2609	21	1.4286
clear	3981	3.2611	19	0.3684
torch	3976	3.2614	24	1.1667
glean	3984	3.2617	16	0.875
alien	3973	3.262	27	1.5927
octal	3979	3.2621	21	1.0
gland	3985	3.2623	15	3.4001
glint	3979	3.2623	21	2.0477
angel	3976	3.2627	24	0.2917
cruel	3976	3.2628	24	0.875
solar	3980	3.2629	20	1.4
angle	3975	3.263	25	1.4
write	3977	3.263	23	0.3043
sedan	3989	3.2631	11	2.5455
relic	3982	3.2632	18	1.1667
draft	3986	3.2632	14	1.5
plead	3985	3.2633	15	0.4667
atone	3974	3.2637	26	1.4231
tapir	3979	3.2641	21	1.0476
blame	3988	3.2641	12	0.5833
glare	3976	3.2643	24	0.5833
prose	3980	3.2643	20	0.8
suite	3987	3.2645	13	1.0769
prime	3981	3.2648	19	0.3684
saute	3973	3.265	27	0.5185
drain	3973	3.265	27	0.5185
onset	3983	3.2651	17	0.8235
spore	3978	3.2652	22	1.7273
maple	3989	3.2654	11	3.1818
until	3972	3.2656	28	2.3214
canoe	3964	3.2656	36	0.7778
arise	3958	3.2656	42	1.5714
blend	3983	3.2656	17	0.8235
agent	3969	3.2657	31	1.6129
clang	3986	3.2661	14	2.0714
arose	3968	3.2662	32	0.6875
depot	3978	3.2662	22	1.3636
plain	3979	3.2664	21	1.0
slang	3988	3.2665	12	1.1667
antic	3972	3.2671	28	0.25
shire	3972	3.2672	28	2.893
spine	3984	3.2673	16	1.3749
horse	3978	3.2676	22	0.9545
older	3965	3.2676	35	0.4
brand	3980	3.2676	20	1.05
tamer	3984	3.2679	16	2.625
shirt	3976	3.2681	24	0.875
grail	3976	3.2683	24	0.5833
inept	3979	3.2687	21	1.3333
posit	3978	3.2687	22	1.3182
olden	3975	3.2689	25	2.6399
blare	3972	3.269	28	0.5
bathe	3972	3.2692	28	1.2857
prune	3985	3.2692	15	2.0
those	3980	3.2694	20	0.7
erupt	3971	3.2695	29	1.6897
ascot	3976	3.2696	24	0.9584
lemon	3974	3.2696	26	0.8077
crude	3968	3.2698	32	0.875
alone	3975	3.2698	25	0.28
cider	3974	3.2698	26	1.1538
lathe	3975	3.2704	25	1.16
smile	3981	3.2705	19	1.4737
email	3977	3.2706	23	2.4348
poser	3972	3.2706	28	3.3215
donut	3972	3.2709	28	1.3214
grape	3977	3.2712	23	1.6087
slide	3983	3.2717	17	0.8824
storm	3986	3.2717	14	1.5714
scaly	3986	3.2719	14	0.5
spied	3977	3.2719	23	0.9565
cloth	3993	3.2719	7	2.0
mason	3984	3.2719	16	0.9375
wrote	3980	3.2719	20	1.0999
copse	3984	3.2723	16	0.4375
chard	3980	3.2726	20	0.7
leach	3982	3.273	18	0.3889
marsh	3987	3.273	13	2.1538
apron	3975	3.2732	25	1.8
frond	3988	3.2735	12	1.1667
angst	3976	3.2735	24	3.0417
latch	3990	3.2736	10	0.7
perch	3983	3.2736	17	0.4118
leash	3985	3.2736	15	3.3334
purse	3987	3.2739	13	1.0769
wrist	3985	3.274	15	4.2666
aloft	3980	3.2742	20	1.0999
stage	3979	3.2744	21	2.8571
adopt	3980	3.2745	20	2.25
tulip	3988	3.2746	12	3.0833
tonic	3986	3.2747	14	3.0
spend	3995	3.2747	5	1.4
point	3961	3.2748	39	2.1538
cabin	3990	3.2749	10	0.7
drift	3985	3.2749	15	0.9333
coast	3987	3.275	13	1.6154
loath	3990	3.2751	10	3.6
lithe	3980	3.2751	20	0.7
forte	3989	3.2753	11	1.9091
paler	3979	3.2755	21	2.0477
spoil	3990	3.2756	10	1.4
setup	3984	3.2758	16	2.25
peril	3986	3.2758	14	0.5
clamp	3988	3.2759	12	0.5833
shine	3971	3.2759	29	1.4483
float	3984	3.2762	16	1.3125
artsy	3974	3.2765	26	1.6154
arson	3979	3.2765	21	1.7143
raise	3978	3.2766	22	0.7273
phone	3982	3.2768	18	1.9444
lager	3973	3.2768	27	0.7778
flare	3981	3.2771	19	0.3684
berth	3986	3.2771	14	2.5
comet	3985	3.2774	15	0.9333
smear	3978	3.2775	22	1.9546
blond	3992	3.2776	8	2.625
grand	3980	3.2777	20	0.35
melon	3981	3.2778	19	0.7368
court	3982	3.2778	18	0.7778
ample	3986	3.2778	14	0.5
moral	3976	3.2779	24	2.5417
ramen	3988	3.2779	12	0.5833
craft	3986	3.278	14	1.5714
camel	3988	3.278	12	1.75
labor	3977	3.2783	23	0.9565
baton	3981	3.2785	19	1.8947
chest	3982	3.2785	18	0.3889
refit	3974	3.2788	26	1.8846
molar	3972	3.2789	28	2.3214
baler	3979	3.279	21	0.3333
burnt	3982	3.2793	18	0.3889
frost	3984	3.2793	16	2.625
decor	3969	3.2794	31	1.6129
nurse	3973	3.2794	27	1.3333
staid	3986	3.2798	14	3.0716
rapid	3981	3.2801	19	0.3684
could	3983	3.2804	17	0.8235
orbit	3975	3.2805	25	0.56
shore	3975	3.2806	25	2.4
hotel	3978	3.2808	22	1.0
ralph	3990	3.2808	10	4.3002
miser	3979	3.2808	21	0.3333
shorn	3982	3.2809	18	1.1667
shied	3978	3.2812	22	0.3636
topic	3987	3.2814	13	2.1538
giant	3979	3.2815	21	0.381
scald	3992	3.2816	8	1.75
scout	3973	3.2816	27	0.5556
haunt	3980	3.2819	20	2.1999
crime	3974	3.282	26	2.6923
third	3983	3.2821	17	0.4118
inter	3963	3.2821	37	1.1351
spice	3981	3.2821	19	1.1053
retch	3983	3.2822	17	1.2353
route	3963	3.2825	37	1.0
sharp	3986	3.2825	14	2.1429
blast	3997	3.2827	3	4.6667
brine	3972	3.2827	28	1.5358
tiger	3975	3.2827	25	3.1601
anime	3972	3.2831	28	2.3214
cleft	3994	3.2835	6	1.3333
panic	3975	3.2836	25	0.28
islet	3975	3.2839	25	0.28
hater	3977	3.2839	23	0.913
beard	3967	3.2843	33	1.0606
flirt	3976	3.2843	24	2.3333
horde	3981	3.2845	19	1.4737
slurp	3991	3.2845	9	1.6667
unlit	3973	3.2846	27	2.1481
acrid	3973	3.2849	27	2.3333
cedar	3976	3.285	24	0.625
nicer	3961	3.2855	39	1.0769
chore	3966	3.2855	34	0.8529
teach	3981	3.2856	19	0.7368
north	3983	3.2857	17	1.6471
grade	3969	3.2861	31	1.1935
psalm	3989	3.2862	11	0.6364
caper	3980	3.2863	20	0.75
dream	3975	3.2863	25	1.96
debit	3979	3.2863	21	0.6667
chase	3984	3.2864	16	0.4375
shunt	3979	3.2864	21	1.381
moist	3980	3.2867	20	1.05
party	3984	3.2868	16	1.75
bland	3991	3.2868	9	2.3333
daunt	3971	3.2868	29	2.0
tubal	3989	3.2869	11	0.6364
stalk	3984	3.287	16	1.3125
shone	3979	3.2871	21	0.6667
scrap	3991	3.2872	9	0.7778
aider	3943	3.2873	57	1.4036
stead	3981	3.2874	19	1.1578
abort	3982	3.2874	18	0.7778
blind	3980	3.2874	20	1.05
moult	3981	3.2876	19	2.5789
torus	3975	3.2878	25	0.96
sonar	3972	3.2879	28	1.2857
bread	3981	3.2881	19	0.7895
pause	3983	3.2881	17	0.4118
cramp	3990	3.2882	10	0.7
upset	3986	3.2884	14	2.0714
salty	3988	3.2884	12	1.1667
stoic	3981	3.2886	19	2.3157
intro	3960	3.2886	40	1.425
abled	3983	3.2886	17	2.8824
cream	3979	3.2886	21	2.619
credo	3979	3.2889	21	2.381
groan	3973	3.2891	27	1.8148
scold	3988	3.2891	12	2.9167
snide	3969	3.2892	31	1.4516
along	3977	3.2893	23	0.3043
blunt	3984	3.2893	16	1.75
caput	3986	3.2895	14	1.5
grunt	3981	3.2897	19	1.4737
align	3981	3.2898	19	0.7368
foist	3973	3.2901	27	0.7778
swine	3985	3.2901	15	0.4667
grain	3973	3.2902	27	0.2593
hoist	3972	3.2902	28	0.7857
boast	3987	3.2902	13	1.0769
shape	3984	3.2903	16	2.7499
nadir	3970	3.2904	30	1.0333
brute	3980	3.2907	20	1.4
metro	3975	3.2908	25	2.0
stamp	3985	3.2908	15	2.4
cloud	3983	3.291	17	1.7647
dunce	3971	3.291	29	1.2759
grace	3969	3.2912	31	2.0967
sauce	3981	3.2914	19	1.4737
frail	3984	3.2914	16	1.3125
burst	3986	3.2916	14	0.5
broil	3978	3.2917	22	1.2727
solid	3982	3.292	18	0.3889
tempo	3989	3.2922	11	1.2727
snarl	3983	3.2922	17	1.6471
stump	3989	3.2924	11	0.6364
board	3984	3.2926	16	0.4375
ratio	3964	3.2927	36	0.9722
untie	3966	3.2929	34	1.2648
patsy	3984	3.293	16	1.3125
denim	3982	3.2932	18	1.1667
scion	3983	3.2934	17	0.8235
noise	3972	3.2934	28	1.3214
prude	3977	3.2935	23	1.5217
amble	3987	3.2936	13	1.6922
reach	3973	3.2938	27	0.7778
baron	3980	3.2938	20	0.7
blurt	3981	3.2941	19	1.1053
debar	3980	3.2942	20	1.05
towel	3979	3.2943	21	0.6667
borne	3976	3.2943	24	0.9166
chose	3977	3.2943	23	1.8261
filet	3978	3.2944	22	1.3636
grope	3975	3.2946	25	1.12
notch	3977	3.2948	23	2.1304
shoal	3985	3.2949	15	0.9333
acute	3974	3.2949	26	2.3462
farce	3984	3.2949	16	0.9375
track	3980	3.295	20	0.35
spurn	3984	3.2952	16	0.9375
brunt	3991	3.2952	9	0.7778
model	3977	3.2954	23	1.2609
flame	3979	3.2954	21	0.6667
poise	3978	3.2955	22	1.5909
crawl	3993	3.2957	7	2.1429
lurch	3983	3.2957	17	1.2941
agile	3974	3.2958	26	1.0769
loser	3981	3.296	19	2.6316
shaft	3979	3.2961	21	2.0
early	3968	3.2965	32	0.875
basil	3983	3.2966	17	0.8235
sonic	3974	3.2968	26	0.8077
uncle	3979	3.2969	21	1.4762
chain	3973	3.2971	27	0.5185
chute	3976	3.2971	24	2.0834
clued	3978	3.2974	22	0.6818
depth	3982	3.2975	18	0.3889
deign	3966	3.2975	34	1.8823
haute	3966	3.2976	34	1.8823
manor	3977	3.2978	23	2.1304
rebut	3981	3.298	19	0.3684
stomp	3988	3.298	12	1.1667
palsy	3992	3.2982	8	0.875
pinto	3976	3.2983	24	0.875
mince	3975	3.2984	25	0.28
wrest	3987	3.2984	13	0.5385
cling	3992	3.2984	8	0.875
ulcer	3968	3.2986	32	1.1562
broad	3977	3.2988	23	1.913
trawl	3991	3.2989	9	0.7778
slump	3994	3.2989	6	4.8333
scram	3985	3.299	15	2.0667
midst	3981	3.2991	19	1.1053
relay	3982	3.2993	18	0.3889
singe	3977	3.2993	23	1.9565
feral	3980	3.2996	20	0.35
liner	3973	3.2997	27	1.8148
sadly	3979	3.2998	21	2.0
shame	3983	3.2999	17	0.8235
drawn	3983	3.3	17	0.4118
safer	3973	3.3002	27	1.2963
crimp	3987	3.3003	13	2.9231
guilt	3972	3.3003	28	2.0714
clash	3989	3.3004	11	1.2727
rifle	3981	3.3006	19	0.7368
faint	3982	3.3007	18	1.1667
throb	3984	3.3008	16	0.875
steam	3982	3.3008	18	2.0556
ultra	3973	3.301	27	1.926
super	3973	3.3011	27	2.7037
micro	3983	3.3013	17	0.4118
lodge	3974	3.3014	26	1.6154
month	3985	3.3017	15	0.9333
smith	3987	3.302	13	1.0769
sneak	3980	3.302	20	0.7
mirth	3987	3.3021	13	0.5385
probe	3978	3.3021	22	0.7273
round	3971	3.3021	29	1.4483
south	3975	3.3024	25	1.12
facet	3987	3.3024	13	0.5385
boule	3974	3.3024	26	0.2692
lunge	3969	3.3026	31	1.129
ounce	3957	3.3026	43	1.3488
flute	3978	3.3028	22	1.9999
tardy	3983	3.3029	17	4.1765
unite	3957	3.303	43	0.9767
froth	3982	3.303	18	0.3889
aping	3971	3.3031	29	0.7586
clump	3989	3.3031	11	2.6364
gruel	3972	3.3033	28	0.75
grasp	3986	3.3034	14	3.0716
sling	3977	3.3037	23	1.5217
fruit	3980	3.3039	20	0.7
valet	3971	3.3041	29	4.4826
range	3970	3.3046	30	0.4667
medal	3985	3.3046	15	0.4667
glide	3971	3.3047	29	2.0
locus	3976	3.305	24	1.75
adore	3960	3.3052	40	0.925
waist	3988	3.3054	12	0.5833
shear	3977	3.3055	23	1.5217
utile	3973	3.3055	27	1.8148
grout	3965	3.3057	35	1.6571
birth	3982	3.3059	18	0.7778
ripen	3986	3.306	14	0.5
slack	3988	3.3061	12	0.5833
amend	3980	3.3061	20	0.35
goner	3963	3.3062	37	1.5676
chirp	3975	3.3062	25	0.28
sperm	3986	3.3063	14	2.1429
rabid	3975	3.3064	25	0.56
stray	3975	3.3065	25	1.68
edict	3974	3.3067	26	1.3846
fecal	3983	3.3067	17	1.2353
patio	3981	3.3068	19	3.3684
begat	3980	3.3071	20	1.0999
pansy	3993	3.3071	7	1.0
porch	3984	3.3073	16	0.4375
straw	3981	3.3074	19	1.5789
tango	3977	3.3074	23	1.5652
sound	3981	3.3075	19	1.8421
bicep	3983	3.3075	17	0.4118
sweat	3979	3.3077	21	1.4762
idler	3956	3.3079	44	1.5909
braid	3979	3.3081	21	1.0
thief	3976	3.3081	24	0.5833
ideal	3960	3.3083	40	2.6749
worst	3992	3.3084	8	0.875
audit	3968	3.3084	32	1.3438
hoard	3967	3.3085	33	1.0606
tuber	3972	3.3088	28	0.5
serum	3979	3.3088	21	0.6667
reign	3973	3.309	27	0.7778
heron	3980	3.3093	20	0.7
tunic	3978	3.3093	22	0.3182
outer	3973	3.3096	27	1.2963
crony	3982	3.3097	18	1.2222
carve	3978	3.3099	22	1.0455
daily	3960	3.3103	40	0.9
macro	3979	3.3103	21	0.6667
miner	3970	3.3103	30	0.9333
nasty	3983	3.3104	17	1.2941
grime	3971	3.3104	29	1.4483
cheat	3978	3.3105	22	1.6818
drawl	3984	3.3106	16	2.625
truly	3979	3.3107	21	0.6667
golem	3982	3.3108	18	0.3889
march	3987	3.3109	13	1.2308
slink	3982	3.3109	18	0.7778
ingot	3967	3.3111	33	2.1515
chair	3974	3.3113	26	0.5769
regal	3985	3.3115	15	3.2667
modal	3985	3.3116	15	2.4
child	3977	3.3119	23	0.913
fetal	3983	3.312	17	3.2941
shade	3981	3.3121	19	0.7368
pound	3985	3.3121	15	0.9333
story	3975	3.3122	25	1.12
lumen	3975	3.3123	25	0.88
mount	3978	3.3124	22	1.2727
impel	3987	3.3125	13	1.6154
flout	3985	3.3128	15	1.8667
gripe	3985	3.3129	15	0.9333
chaos	3975	3.3132	25	1.44
anger	3965	3.3132	35	1.4
satyr	3982	3.3132	18	0.3889
robin	3979	3.3133	21	0.6667
trump	3989	3.3134	11	1.2727
prawn	3991	3.3137	9	1.6667
ranch	3979	3.3139	21	1.0
after	3971	3.314	29	2.6897
corny	3984	3.3143	16	1.75
blush	3990	3.3144	10	0.7
prism	3990	3.3145	10	1.4
water	3978	3.3145	22	1.5909
stark	3981	3.3145	19	1.8421
patch	3982	3.3146	18	1.9444
batch	3983	3.3146	17	0.8235
flier	3966	3.3146	34	0.6176
thong	3979	3.3147	21	1.3333
rusty	3989	3.3147	11	1.2727
guest	3975	3.3148	25	0.56
built	3979	3.3148	21	1.0476
bride	3976	3.3149	24	1.1667
chord	3973	3.3149	27	0.5185
groin	3966	3.315	34	1.8529
sober	3979	3.3151	21	1.0
scamp	3990	3.3152	10	1.4
focal	3979	3.3152	21	1.7619
stake	3980	3.3152	20	1.85
randy	3969	3.3157	31	0.7742
death	3967	3.3157	33	1.5455
flair	3977	3.3157	23	0.3043
rouse	3966	3.3159	34	1.4412
dwelt	3989	3.316	11	1.2727
crypt	3982	3.3163	18	0.3889
china	3981	3.3164	19	1.1053
plush	3992	3.3167	8	1.75
hound	3982	3.3168	18	0.3889
waste	3985	3.3169	15	0.9333
climb	3986	3.3171	14	2.5
swear	3976	3.3172	24	0.2917
yeast	3973	3.3172	27	1.7038
ocean	3970	3.3173	30	0.9333
sinew	3977	3.3174	23	1.2609
wield	3979	3.3175	21	1.4762
charm	3984	3.3176	16	0.875
aptly	3980	3.3177	20	1.4
minor	3985	3.3181	15	2.3333
stank	3977	3.3181	23	2.5217
eight	3962	3.3184	38	1.3422
bugle	3985	3.3185	15	1.8667
peach	3983	3.3186	17	0.4118
input	3970	3.3186	30	1.2
gaunt	3970	3.3186	30	1.5
dutch	3982	3.3188	18	0.3889
mural	3980	3.3189	20	2.45
cutie	3982	3.3192	18	1.5556
brain	3983	3.3193	17	0.8235
manic	3981	3.3194	19	2.6843
sprig	3983	3.3196	17	2.706
frame	3975	3.3196	25	1.16
shout	3972	3.3197	28	1.5358
ridge	3971	3.3197	29	0.7241
world	3982	3.3197	18	1.1667
tipsy	3985	3.3199	15	1.4
shard	3984	3.3199	16	0.4375
optic	3977	3.3199	23	1.2174
force	3981	3.3199	19	1.1578
flash	3993	3.32	7	1.0
ditch	3976	3.32	24	1.75
sting	3973	3.32	27	1.037
girth	3969	3.3201	31	1.1613
prong	3988	3.3201	12	1.1667
morph	3982	3.3203	18	2.3333
gleam	3981	3.3203	19	1.8421
clung	3980	3.3204	20	1.45
punch	3988	3.3204	12	1.1667
crave	3979	3.3204	21	1.0476
lunch	3987	3.3205	13	1.6154
forge	3978	3.3207	22	0.9545
twirl	3988	3.3209	12	3.0
lunar	3974	3.321	26	0.8077
crash	3986	3.3211	14	0.5
sepia	3978	3.3213	22	1.9091
fried	3975	3.3214	25	2.92
aside	3974	3.3214	26	0.2692
bagel	3982	3.3215	18	0.3889
slick	3982	3.3215	18	1.5556
proud	3981	3.3216	19	0.7368
debut	3973	3.3218	27	0.8519
tonga	3977	3.3222	23	1.3043
admin	3985	3.3222	15	0.9333
lingo	3975	3.3223	25	0.88
mourn	3976	3.3223	24	0.875
clown	3988	3.3224	12	0.5833
thrum	3991	3.3224	9	3.8889
brash	3983	3.3225	17	0.4118
scrum	3982	3.3226	18	0.3889
cumin	3976	3.3228	24	0.875
bring	3979	3.3228	21	0.6667
cigar	3973	3.3229	27	0.6296
admit	3985	3.3229	15	0.9333
opine	3971	3.323	29	0.7241
broth	3986	3.323	14	3.5715
basin	3977	3.3233	23	0.6087
filer	3974	3.3234	26	0.5385
lusty	3985	3.3234	15	3.7333
taken	3973	3.3235	27	0.5185
fault	3992	3.3237	8	1.75
noble	3977	3.3238	23	1.2609
lurid	3973	3.3239	27	1.8889
snack	3981	3.3239	19	1.1578
graph	3983	3.3242	17	3.2941
scour	3980	3.3244	20	1.5
nomad	3980	3.3244	20	0.7
taker	3965	3.3245	35	2.0286
delay	3979	3.3246	21	0.3333
fiend	3972	3.3248	28	1.0357
crank	3978	3.325	22	0.3182
under	3969	3.3251	31	0.9032
guile	3973	3.3252	27	0.5185
cause	3982	3.3252	18	1.1667
grind	3968	3.3253	32	0.4375
crush	3982	3.3254	18	4.0556
pitch	3981	3.3254	19	1.2106
plume	3980	3.3255	20	2.1
rivet	3970	3.3256	30	1.1667
guild	3980	3.3258	20	1.1501
radio	3963	3.3259	37	1.6486
niche	3964	3.326	36	1.1667
rainy	3965	3.326	35	3.5141
stork	3977	3.326	23	1.5652
coupe	3979	3.3261	21	1.0
twice	3985	3.3261	15	0.4667
skirt	3985	3.3264	15	3.3334
tumor	3983	3.3264	17	1.2353
lemur	3961	3.3266	39	1.5128
bacon	3980	3.3266	20	3.2499
twine	3979	3.3266	21	0.6667
opera	3965	3.3269	35	1.4
harem	3980	3.327	20	0.7
slunk	3975	3.3271	25	2.0401
midge	3973	3.3274	27	1.3333
stung	3973	3.3274	27	1.5556
surge	3979	3.3274	21	0.3333
swirl	3985	3.3274	15	0.9333
cameo	3977	3.3274	23	0.3043
elfin	3986	3.3276	14	0.5
skate	3976	3.3287	24	2.8335
ghost	3979	3.3288	21	2.1906
shift	3987	3.3289	13	0.5385
bonus	3978	3.329	22	1.5909
demon	3986	3.3291	14	0.5
repay	3980	3.3291	20	1.05
globe	3985	3.3292	15	0.9333
avert	3968	3.3294	32	1.4062
churn	3978	3.3294	22	2.2728
sandy	3978	3.3296	22	0.9545
style	3975	3.3298	25	1.68
swept	3992	3.3299	8	3.625
abide	3980	3.3299	20	0.35
lucid	3970	3.3301	30	1.2333
disco	3972	3.3303	28	1.3214
light	3979	3.3304	21	1.381
basic	3985	3.3308	15	0.5333
amuse	3975	3.3312	25	0.6
urban	3978	3.3312	22	0.6364
croup	3976	3.3314	24	0.2917
habit	3976	3.3316	24	0.3333
bilge	3986	3.3317	14	1.0
sworn	3981	3.3319	19	1.5789
slung	3980	3.332	20	3.2499
vital	3978	3.3323	22	0.9545
pasty	3977	3.3324	23	1.2174
felon	3981	3.3325	19	1.8421
mouse	3979	3.3326	21	1.0
afire	3970	3.333	30	0.9333
finer	3964	3.3333	36	1.1667
infer	3969	3.3334	31	1.3548
final	3980	3.3335	20	1.75
wrath	3990	3.3336	10	0.7
incur	3956	3.3337	44	2.3409
touch	3982	3.3344	18	0.3889
organ	3965	3.3346	35	1.6286
tower	3976	3.3347	24	1.1667
royal	3982	3.3348	18	0.8333
demur	3977	3.3352	23	1.3913
brief	3964	3.3354	36	1.3611
fable	3983	3.3355	17	2.4706
chime	3982	3.3358	18	0.7778
clank	3984	3.3359	16	0.875
gnash	3983	3.3359	17	1.2941
crowd	3985	3.336	15	2.3333
stony	3976	3.3362	24	0.9166
drake	3962	3.3363	38	0.1842
adobe	3978	3.3363	22	0.6818
clerk	3971	3.3365	29	1.7932
cargo	3974	3.3368	26	0.8461
gusto	3979	3.3369	21	1.381
bound	3984	3.3369	16	0.875
choir	3973	3.3369	27	3.1853
mange	3981	3.337	19	2.6843
bluer	3970	3.337	30	0.9333
scope	3988	3.3372	12	1.75
drank	3978	3.3374	22	1.2727
sight	3990	3.3375	10	1.5
datum	3986	3.3375	14	3.5
thing	3969	3.3376	31	1.3548
roach	3973	3.3376	27	1.2963
forth	3985	3.3376	15	0.4667
rehab	3974	3.3376	26	0.8077
cheap	3986	3.3377	14	1.0
barge	3978	3.3377	22	0.6364
trick	3976	3.3381	24	0.9166
brake	3962	3.3381	38	0.3684
unmet	3976	3.3382	24	1.4583
fresh	3981	3.3382	19	1.5789
stoke	3969	3.3384	31	2.0323
ashen	3982	3.3384	18	1.1667
would	3983	3.3385	17	0.4118
build	3972	3.3387	28	0.7857
flora	3974	3.3388	26	0.8077
shrew	3980	3.3389	20	1.0999
badly	3984	3.3389	16	1.3125
amber	3981	3.339	19	3.4209
stack	3980	3.3391	20	0.7
field	3980	3.3392	20	1.4
chump	3991	3.3394	9	0.7778
syrup	3981	3.3402	19	1.1053
doubt	3980	3.3403	20	1.1501
raspy	3985	3.3405	15	1.4
drown	3984	3.3405	16	1.75
scary	3974	3.3406	26	1.1923
snake	3986	3.3407	14	1.5714
stave	3979	3.3409	21	1.0476
belch	3991	3.3409	9	1.5556
gamer	3974	3.3409	26	2.4615
login	3974	3.341	26	0.5385
group	3975	3.341	25	1.4
cower	3971	3.3411	29	0.2414
serif	3987	3.3411	13	0.6154
spiny	3983	3.3415	17	1.6471
ombre	3979	3.3415	21	1.7619
thank	3977	3.3416	23	2.4783
trove	3977	3.3419	23	1.3478
hinge	3962	3.342	38	1.4737
stove	3979	3.3421	21	1.0
steak	3978	3.3421	22	2.409
worse	3985	3.3423	15	0.9333
dirge	3971	3.3423	29	0.2414
pinch	3987	3.3424	13	0.5385
chasm	3986	3.3425	14	1.7143
feign	3964	3.3426	36	1.1945
beach	3975	3.3426	25	0.56
other	3977	3.3427	23	1.2174
sower	3976	3.3427	24	0.2917
chafe	3979	3.3428	21	0.3333
wince	3982	3.3428	18	2.0
fetid	3980	3.3429	20	0.8
loamy	3976	3.3429	24	0.5833
vault	3966	3.3432	34	1.2648
prowl	3990	3.3432	10	1.4
diary	3957	3.3433	43	1.1395
house	3969	3.3434	31	0.2258
flush	3983	3.3436	17	0.4118
bison	3974	3.3436	26	1.3462
chide	3978	3.3437	22	1.3182
match	3988	3.3437	12	1.1667
whale	3980	3.3438	20	1.75
munch	3985	3.3438	15	1.8667
epoch	3987	3.3441	13	0.5385
sumac	3992	3.3442	8	1.0
homer	3963	3.3443	37	0.3784
urine	3964	3.3444	36	1.6667
payer	3962	3.3447	38	1.2895
entry	3971	3.3448	29	1.2414
manly	3984	3.3449	16	0.875
nudge	3975	3.345	25	1.7599
stuck	3976	3.345	24	0.2917
fraud	3975	3.3451	25	0.56
meaty	3978	3.3451	22	0.9545
skier	3973	3.3452	27	0.5185
plank	3987	3.3452	13	1.6154
crump	3988	3.3453	12	1.8332
gonad	3974	3.3454	26	1.4231
scowl	3995	3.3454	5	2.8
reply	3980	3.3455	20	0.35
sugar	3979	3.3455	21	1.7619
nerdy	3975	3.3455	25	0.56
spawn	3993	3.3456	7	3.0
sword	3989	3.3456	11	2.5455
mulch	3988	3.3457	12	1.25
spank	3987	3.3457	13	1.6154
mealy	3976	3.3457	24	1.5
often	3976	3.3459	24	1.2083
mouth	3974	3.346	26	1.7308
rayon	3974	3.346	26	0.6154
media	3968	3.346	32	0.875
graft	3979	3.3461	21	2.3333
purge	3975	3.3462	25	1.68
blink	3981	3.3464	19	1.4737
daisy	3970	3.3465	30	0.7
gnome	3977	3.3468	23	0.913
throw	3987	3.3469	13	0.6154
bowel	3989	3.3469	11	0.6364
scarf	3982	3.3471	18	0.3889
plumb	3995	3.3472	5	1.4
butch	3983	3.3475	17	1.6471
spray	3986	3.3475	14	1.5714
deity	3966	3.3477	34	0.4706
brave	3974	3.348	26	0.8077
grief	3970	3.3484	30	1.6333
ghoul	3967	3.3484	33	0.4545
clink	3981	3.3484	19	1.1053
smack	3991	3.3485	9	1.6667
weird	3975	3.3486	25	0.92
knelt	3974	3.3487	26	2.4231
valor	3963	3.3488	37	1.3514
begin	3972	3.3488	28	2.0
rogue	3969	3.3488	31	1.871
musty	3982	3.3492	18	1.5556
curly	3976	3.3494	24	1.1667
medic	3986	3.3494	14	0.5
dirty	3963	3.3494	37	1.1891
rhino	3979	3.3495	21	1.0
aloud	3970	3.3495	30	1.6667
trunk	3979	3.3497	21	1.6667
salve	3989	3.3497	11	0.7273
suing	3976	3.3499	24	1.25
swarm	3991	3.3499	9	3.1111
rouge	3967	3.3502	33	0.6364
truck	3978	3.3502	22	1.3636
crown	3989	3.3504	11	0.6364
black	3988	3.3505	12	1.75
bigot	3976	3.3505	24	0.2917
pluck	3980	3.3506	20	2.1
primo	3985	3.3506	15	0.9333
ankle	3976	3.3508	24	0.875
swore	3984	3.351	16	1.75
spike	3988	3.3511	12	2.3333
candy	3982	3.3511	18	0.8889
minus	3982	3.3512	18	0.7778
piano	3971	3.3512	29	0.7241
stick	3978	3.3517	22	0.3636
bulge	3973	3.3518	27	0.7778
flask	3987	3.3519	13	1.0769
inlay	3972	3.3519	28	1.5
prank	3984	3.3529	16	0.875
abode	3967	3.353	33	1.1212
threw	3979	3.353	21	1.381
thump	3985	3.3531	15	0.4667
ethic	3972	3.3532	28	1.0
polka	3986	3.3533	14	2.6429
today	3965	3.3533	35	1.0857
swath	3987	3.3534	13	3.3078
filth	3986	3.3534	14	1.0
aphid	3983	3.3535	17	1.7059
amply	3984	3.3536	16	0.4375
fetus	3982	3.3536	18	2.3333
brush	3985	3.3536	15	0.4667
synod	3984	3.3538	16	1.75
spunk	3984	3.3539	16	1.3125
worth	3983	3.3539	17	0.4118
rebus	3983	3.354	17	2.4706
began	3975	3.3541	25	0.84
motif	3974	3.3541	26	1.3462
piety	3977	3.3542	23	1.2174
mound	3985	3.3547	15	1.4
binge	3970	3.3547	30	0.7
gamut	3981	3.3548	19	1.9474
unfit	3973	3.3548	27	1.0741
album	3988	3.3548	12	2.3333
valid	3968	3.3551	32	1.3438
guide	3957	3.3553	43	1.0
badge	3978	3.3553	22	1.9999
tangy	3971	3.3554	29	1.2069
flake	3978	3.3555	22	0.3182
voter	3956	3.3557	44	1.4545
spicy	3976	3.3557	24	2.0834
vocal	3971	3.3558	29	1.931
speak	3981	3.356	19	1.5789
mogul	3981	3.356	19	2.2105
turbo	3981	3.3561	19	0.7368
argue	3960	3.3564	40	1.7001
guard	3970	3.3565	30	1.6333
phony	3975	3.3565	25	1.68
plunk	3984	3.3566	16	2.3125
glory	3983	3.357	17	0.8235
shawl	3990	3.3572	10	1.4
among	3969	3.3572	31	1.8065
fluid	3979	3.3573	21	0.6667
music	3983	3.3574	17	1.2353
stink	3972	3.3575	28	0.75
dowel	3979	3.3575	21	0.6667
whole	3982	3.3575	18	3.5
right	3972	3.3579	28	0.5
anvil	3971	3.358	29	0.7241
stock	3971	3.3582	29	0.4828
biome	3974	3.3584	26	1.3846
alike	3975	3.3584	25	0.28
bench	3977	3.3584	23	0.3043
sleet	3971	3.3585	29	1.6897
drunk	3982	3.3585	18	1.9444
hotly	3983	3.3587	17	1.6471
cobra	3981	3.3587	19	1.5263
botch	3978	3.359	22	0.3182
fling	3984	3.359	16	1.3749
dimly	3987	3.359	13	1.6154
coven	3971	3.3591	29	2.0
yield	3974	3.3592	26	2.7692
nosey	3957	3.3594	43	0.3256
cavil	3978	3.3595	22	0.6364
finch	3983	3.3595	17	0.4118
fetch	3991	3.3597	9	0.7778
brink	3969	3.3597	31	0.9032
mercy	3977	3.3598	23	1.2609
viral	3977	3.3598	23	0.913
layer	3963	3.36	37	1.5405
noisy	3970	3.3601	30	0.4667
blank	3986	3.3607	14	1.0
horny	3985	3.361	15	4.2666
prick	3981	3.361	19	0.3684
widen	3977	3.3611	23	0.913
yearn	3951	3.3612	49	1.7143
wheat	3978	3.3613	22	0.9545
neigh	3970	3.3615	30	0.9667
soapy	3984	3.3615	16	1.75
wiser	3976	3.3616	24	0.625
screw	3976	3.3619	24	0.9584
liken	3966	3.362	34	1.0294
shelf	3983	3.362	17	2.0588
sigma	3982	3.362	18	1.5556
birch	3984	3.3623	16	0.4375
image	3973	3.3623	27	1.037
gourd	3972	3.3624	28	1.5358
briny	3980	3.3624	20	0.35
creak	3964	3.3626	36	1.3055
doing	3973	3.3629	27	2.3703
surly	3981	3.3631	19	0.7368
amity	3973	3.3632	27	0.5185
ready	3977	3.3633	23	1.0435
decry	3972	3.3634	28	1.25
gayer	3965	3.3636	35	0.8
bused	3989	3.3638	11	2.7273
spoke	3986	3.3639	14	1.5
found	3992	3.364	8	1.75
flour	3978	3.3642	22	1.5909
abuse	3972	3.3644	28	1.25
whine	3974	3.3645	26	0.5385
spark	3986	3.3645	14	1.5714
shown	3986	3.3645	14	2.0
break	3974	3.3647	26	0.5385
brawn	3980	3.3647	20	2.8
lefty	3970	3.3648	30	0.4667
brawl	3989	3.3649	11	0.7273
twang	3992	3.3652	8	1.0
gulch	3976	3.3652	24	0.625
shank	3990	3.3652	10	0.8
pouch	3991	3.3653	9	1.5556
devil	3976	3.3655	24	0.625
smirk	3981	3.3659	19	2.3157
slimy	3983	3.3659	17	0.4118
flesh	3990	3.366	10	1.4
welsh	3989	3.3661	11	2.6364
piney	3964	3.3662	36	0.5833
think	3977	3.3664	23	2.174
night	3972	3.3664	28	1.5
shirk	3977	3.3664	23	1.2174
clove	3985	3.3666	15	1.0
about	3974	3.3667	26	1.3462
drink	3971	3.3672	29	1.6897
terse	3980	3.3672	20	0.4
magic	3977	3.3672	23	0.6087
power	3981	3.3673	19	0.7368
white	3984	3.3674	16	1.3125
wrong	3982	3.3674	18	1.1667
shrub	3983	3.3675	17	2.0588
ethos	3972	3.3678	28	0.5
vapor	3973	3.3681	27	1.3333
cover	3967	3.3681	33	0.4242
blown	3992	3.3682	8	0.875
budge	3980	3.3682	20	1.8
lyric	3979	3.3686	21	1.0
humor	3979	3.3687	21	0.3333
mango	3980	3.3689	20	1.05
poesy	3983	3.3692	17	2.8824
weary	3957	3.3694	43	0.6512
gaily	3977	3.3699	23	1.2174
scrub	3986	3.3699	14	1.0
watch	3984	3.3702	16	1.3125
overt	3963	3.3703	37	1.0
madly	3984	3.3704	16	1.3125
whelp	3994	3.3704	6	2.3333
logic	3982	3.3705	18	2.0556
vaunt	3970	3.3706	30	0.9333
faith	3979	3.3706	21	0.6667
elbow	3979	3.3708	21	0.6667
tough	3962	3.3709	38	1.7105
naive	3967	3.3709	33	1.0909
stunk	3981	3.371	19	1.8421
growl	3988	3.3711	12	2.3333
frank	3982	3.3711	18	0.3889
chalk	3991	3.3712	9	0.7778
solve	3979	3.3715	21	2.4763
decay	3985	3.3716	15	2.3333
flume	3977	3.3717	23	3.1304
block	3987	3.3718	13	2.2308
forty	3974	3.372	26	1.6922
matey	3973	3.3722	27	1.5556
poker	3978	3.3723	22	0.9545
speck	3995	3.3724	5	1.4
limbo	3979	3.3728	21	0.6667
scuba	3979	3.3731	21	1.3333
novel	3968	3.3733	32	0.9062
harpy	3976	3.3735	24	0.2917
dusty	3973	3.3739	27	1.037
token	3978	3.3739	22	1.5909
shake	3981	3.3745	19	1.4737
shark	3980	3.3746	20	1.05
shady	3978	3.3747	22	1.3636
pivot	3981	3.3751	19	0.7368
pubic	3987	3.3755	13	3.4615
lousy	3985	3.3756	15	0.4667
beady	3973	3.3757	27	1.3333
being	3976	3.3757	24	0.2917
lower	3983	3.3758	17	0.4706
moldy	3972	3.376	28	0.5
navel	3976	3.376	24	1.8332
hovel	3969	3.3761	31	1.129
tease	3977	3.3761	23	0.6957
below	3981	3.3761	19	2.2105
bleak	3984	3.3764	16	0.4375
thumb	3978	3.3765	22	1.5909
swamp	3986	3.3765	14	2.0714
diver	3958	3.3766	42	1.5476
carat	3973	3.3768	27	0.8148
alive	3976	3.377	24	0.5833
duvet	3975	3.377	25	0.56
cloak	3978	3.3772	22	1.6818
might	3981	3.3772	19	2.6843
flyer	3971	3.3773	29	1.931
decoy	3962	3.3774	38	0.6053
crumb	3984	3.3775	16	1.75
knead	3967	3.3776	33	1.3031
baker	3973	3.3777	27	1.8148
rival	3972	3.3778	28	0.25
verso	3978	3.3778	22	0.9545
bloke	3978	3.3779	22	0.3182
imply	3984	3.3779	16	0.875
flung	3983	3.3779	17	2.6471
drive	3971	3.3782	29	0.5517
blimp	3994	3.3782	6	3.5
swift	3989	3.3783	11	1.9999
godly	3984	3.3785	16	1.875
warty	3978	3.3789	22	1.2727
curio	3967	3.3792	33	1.1515
liver	3965	3.3796	35	1.6
bingo	3967	3.3796	33	1.0606
human	3981	3.3796	19	0.7368
grave	3966	3.38	34	1.4706
taint	3967	3.3801	33	1.394
shrug	3972	3.3801	28	1.25
endow	3975	3.3804	25	0.88
rough	3977	3.3804	23	1.6522
tract	3969	3.3805	31	1.6452
covet	3977	3.3805	23	1.8261
grown	3983	3.3807	17	1.2353
thyme	3975	3.3807	25	0.56
whose	3978	3.3807	22	1.9546
elate	3967	3.381	33	1.0909
ovate	3968	3.3812	32	0.4375
tying	3972	3.3814	28	0.25
leafy	3978	3.3814	22	1.2727
gavel	3976	3.3815	24	1.4583
champ	3989	3.3815	11	1.9091
flank	3982	3.3815	18	1.5556
raven	3988	3.3816	12	3.5
unfed	3976	3.3819	24	1.2083
guise	3970	3.3822	30	1.6667
rumba	3985	3.3822	15	2.3333
snuck	3978	3.3822	22	1.7727
curve	3963	3.3823	37	1.2162
angry	3969	3.3825	31	0.6774
canal	3976	3.3825	24	1.75
hasty	3977	3.3826	23	0.913
vicar	3969	3.3827	31	1.6775
dairy	3958	3.3827	42	0.8571
prove	3979	3.3828	21	0.7619
bunch	3990	3.383	10	1.4
lofty	3983	3.3835	17	1.6471
macho	3980	3.3835	20	0.35
smock	3987	3.3838	13	2.6923
derby	3972	3.3842	28	1.5
mayor	3974	3.3848	26	0.2692
laugh	3980	3.3853	20	2.1999
croak	3975	3.3854	25	2.4
while	3987	3.3859	13	1.0769
cough	3978	3.3859	22	0.3182
chief	3985	3.3864	15	0.9333
study	3976	3.3866	24	1.2083
shove	3979	3.3867	21	0.3333
reset	3984	3.3871	16	0.875
pouty	3981	3.3873	19	1.4737
cease	3975	3.3877	25	0.28
gusty	3977	3.3879	23	0.9565
aunty	3972	3.3883	28	0.75
craze	3963	3.3883	37	1.2162
still	3978	3.3884	22	1.3636
dogma	3980	3.3884	20	0.35
pithy	3980	3.3885	20	0.35
altar	3962	3.3887	38	1.7105
shiny	3975	3.3889	25	1.12
mower	3981	3.389	19	3.0526
wider	3958	3.389	42	1.2143
dicey	3962	3.389	38	1.0
brisk	3986	3.3891	14	0.5
befit	3985	3.3892	15	1.4
hardy	3984	3.3893	16	0.875
dingy	3961	3.3894	39	0.5641
olive	3963	3.3894	37	1.3514
voice	3966	3.3902	34	0.6176
cyber	3977	3.3903	23	0.9565
thick	3982	3.3903	18	0.7778
usher	3965	3.3903	35	0.6
wagon	3979	3.3904	21	0.3333
foray	3964	3.3906	36	0.6111
flown	3987	3.3906	13	0.5385
welch	3987	3.3908	13	1.0769
caulk	3991	3.391	9	0.7778
lying	3971	3.391	29	1.931
title	3979	3.3912	21	1.381
width	3976	3.3913	24	0.5833
honey	3968	3.3915	32	1.75
wound	3974	3.3916	26	1.0769
balmy	3986	3.3918	14	2.0
saucy	3977	3.3919	23	2.4783
halve	3976	3.3919	24	2.3333
foyer	3966	3.3921	34	1.0294
mocha	3969	3.3924	31	1.3548
drove	3971	3.3924	29	1.5517
humid	3979	3.3926	21	2.3333
freak	3968	3.3928	32	1.0938
flack	3988	3.3929	12	0.5833
treat	3961	3.3933	39	1.3589
brown	3984	3.3934	16	0.875
debug	3973	3.3935	27	1.1111
stilt	3978	3.3936	22	1.9999
dumpy	3992	3.3937	8	1.75
gipsy	3978	3.3937	22	0.6364
elect	3977	3.3938	23	0.3043
broke	3966	3.3939	34	1.3823
frisk	3979	3.394	21	0.6667
wafer	3980	3.3941	20	1.75
natal	3977	3.3942	23	1.2174
witch	3981	3.3943	19	0.7368
dingo	3962	3.3945	38	1.2106
boney	3972	3.3946	28	1.0357
vista	3975	3.395	25	0.28
elite	3973	3.3952	27	1.3704
girly	3979	3.3954	21	1.0
minty	3970	3.3955	30	0.4667
femur	3972	3.3955	28	0.5357
agony	3976	3.3956	24	2.0417
fiery	3956	3.3961	44	1.3636
oaken	3957	3.3961	43	2.558
evict	3984	3.3962	16	0.9375
begun	3970	3.3962	30	1.6667
whirl	3971	3.3962	29	1.4483
lumpy	3992	3.3963	8	2.625
focus	3990	3.3964	10	0.8
lover	3965	3.3968	35	0.4286
brick	3985	3.3973	15	1.8667
winch	3986	3.3973	14	3.0716
salvo	3985	3.3975	15	1.8667
eater	3957	3.3976	43	0.6977
yacht	3969	3.3977	31	0.6774
stall	3982	3.3979	18	0.7778
forum	3977	3.3983	23	0.913
lymph	3987	3.3986	13	1.0769
grimy	3973	3.3986	27	0.2593
troop	3969	3.3988	31	0.9032
handy	3980	3.3988	20	0.7
ficus	3981	3.3988	19	0.7895
abhor	3969	3.399	31	1.129
snowy	3978	3.3991	22	1.4091
gaudy	3972	3.3991	28	0.7857
tawny	3983	3.3993	17	2.9412
owner	3969	3.3995	31	0.7742
fluke	3980	3.3996	20	2.6498
usage	3972	3.3996	28	1.3214
silky	3977	3.3998	23	0.6087
flock	3986	3.4001	14	0.5714
sheik	3979	3.4002	21	1.3333
tense	3984	3.4002	16	1.3125
stool	3972	3.4002	28	1.0
bravo	3975	3.4006	25	1.12
savor	3977	3.4008	23	1.8261
hairy	3971	3.4008	29	0.4828
nobly	3979	3.4009	21	2.381
women	3981	3.4014	19	1.1053
dwarf	3984	3.4014	16	0.875
buyer	3964	3.4017	36	0.3889
fleck	3978	3.4022	22	1.5909
hyena	3958	3.4023	42	1.1667
maker	3980	3.4024	20	1.05
dopey	3974	3.4024	26	1.3846
aglow	3978	3.4026	22	1.6818
hover	3965	3.4026	35	1.4
wager	3972	3.4027	28	0.5
unity	3964	3.4035	36	0.9722
burly	3976	3.404	24	0.2917
tiara	3966	3.4042	34	1.0588
leaky	3971	3.4046	29	0.7241
ladle	3963	3.4049	37	0.4054
chunk	3990	3.405	10	1.4
afoul	3979	3.4051	21	1.0
grove	3980	3.4051	20	1.05
woman	3979	3.4052	21	1.4286
irony	3963	3.4054	37	0.7568
choke	3978	3.4055	22	0.9545
omega	3971	3.4056	29	0.2414
creep	3967	3.4056	33	0.4848
frown	3975	3.4057	25	0.6
glove	3976	3.4057	24	2.0417
exact	3961	3.4059	39	1.4872
dense	3979	3.4059	21	2.4287
hyper	3972	3.406	28	0.5
money	3967	3.4065	33	0.8485
ebony	3976	3.4065	24	0.9166
swing	3980	3.4068	20	1.05
roost	3975	3.4085	25	0.84
start	3965	3.4085	35	1.8571
fancy	3977	3.4085	23	0.6087
perky	3979	3.4087	21	1.6667
fight	3980	3.4089	20	0.75
frock	3982	3.4091	18	0.8333
lease	3971	3.4093	29	0.7931
umbra	3978	3.4095	22	0.6364
audio	3959	3.4103	41	0.7317
shuck	3993	3.4105	7	1.0
snoop	3972	3.4114	28	1.5358
shave	3976	3.4115	24	0.5833
knife	3969	3.4116	31	0.9032
smoke	3981	3.4116	19	0.3684
empty	3983	3.4118	17	0.4118
wreak	3967	3.4122	33	0.8788
tarot	3954	3.4133	46	2.0435
mangy	3979	3.414	21	0.3333
hydro	3970	3.414	30	0.5333
apart	3973	3.4141	27	1.3333
fiber	3977	3.4145	23	1.5217
ought	3962	3.4145	38	2.2633
latte	3973	3.4147	27	1.889
rhyme	3970	3.4147	30	0.2333
fudge	3985	3.415	15	2.0
heady	3958	3.4151	42	0.5
repel	3981	3.4151	19	1.1053
sleep	3978	3.4152	22	1.6364
unwed	3986	3.4152	14	1.5
aorta	3948	3.4159	52	1.3654
tweak	3978	3.4166	22	0.9545
sloop	3983	3.4167	17	1.2353
glaze	3969	3.4167	31	0.4516
downy	3985	3.4169	15	0.9333
glyph	3978	3.417	22	1.6364
lanky	3969	3.4172	31	0.6774
shock	3981	3.4175	19	0.3684
wreck	3984	3.4177	16	1.8125
steer	3971	3.4178	29	1.0
drool	3975	3.4179	25	1.12
dowry	3973	3.418	27	0.7778
vapid	3982	3.418	18	1.5556
toast	3976	3.4184	24	0.9584
haven	3971	3.4185	29	0.2414
fritz	3976	3.4187	24	1.75
giver	3960	3.4189	40	0.875
dozen	3969	3.419	31	0.6774
troll	3980	3.419	20	1.85
scene	3976	3.4194	24	1.4583
prize	3964	3.4195	36	0.3889
risky	3979	3.4195	21	0.7143
stint	3980	3.4196	20	0.35
class	3980	3.4196	20	1.0999
steel	3980	3.4196	20	1.05
shack	3976	3.4198	24	1.7918
skimp	3995	3.4202	5	1.4
wharf	3983	3.4203	17	2.1176
flick	3982	3.4208	18	1.9444
erase	3976	3.4208	24	0.625
rebel	3983	3.4209	17	1.2353
value	3970	3.421	30	0.9667
taste	3977	3.4212	23	1.7826
viper	3972	3.4215	28	0.75
terra	3966	3.4215	34	0.8529
elope	3977	3.4217	23	1.5217
wring	3979	3.4218	21	1.0
snaky	3970	3.4219	30	0.5
nasal	3978	3.422	22	2.5455
vigor	3970	3.4222	30	1.4334
flunk	3986	3.4222	14	1.0714
using	3958	3.4224	42	1.4286
preen	3972	3.4224	28	0.5
swung	3978	3.4225	22	0.3182
voila	3967	3.4226	33	0.8485
visor	3974	3.4227	26	0.2692
limit	3973	3.4228	27	1.3333
niece	3956	3.423	44	1.1136
trait	3966	3.423	34	1.6765
viola	3972	3.4232	28	0.75
maybe	3980	3.4233	20	0.7
spell	3985	3.4233	15	1.0
trite	3969	3.4242	31	0.6774
small	3978	3.4248	22	0.3182
spiky	3978	3.4248	22	1.9091
filmy	3982	3.4254	18	0.7778
dough	3974	3.4254	26	0.3462
fleet	3969	3.4255	31	1.871
three	3969	3.4258	31	1.1613
eying	3961	3.426	39	0.359
vinyl	3978	3.4261	22	2.2728
totem	3971	3.4264	29	0.7241
truer	3954	3.4265	46	0.6304
weigh	3977	3.427	23	0.6087
eaten	3974	3.4274	26	1.4231
favor	3983	3.4275	17	0.4118
meter	3967	3.4275	33	0.9091
bylaw	3980	3.4275	20	1.75
fairy	3973	3.4276	27	0.2593
spill	3979	3.4283	21	1.0
suave	3973	3.4286	27	0.7778
pudgy	3974	3.4288	26	1.8076
greet	3960	3.4291	40	1.425
lapel	3969	3.4294	31	1.4516
erect	3969	3.4294	31	1.2258
bough	3974	3.4294	26	1.3462
owing	3962	3.4298	38	2.079
steep	3980	3.4302	20	0.35
wrung	3973	3.4304	27	1.5556
hence	3980	3.4306	20	0.35
rugby	3981	3.4308	19	0.7368
joist	3963	3.4309	37	0.7568
cagey	3970	3.4311	30	0.2333
avoid	3967	3.4311	33	2.5757
colon	3975	3.4312	25	0.56
strut	3969	3.4313	31	0.6774
trust	3985	3.4315	15	1.4
torso	3974	3.4315	26	1.7693
taunt	3962	3.4318	38	0.3684
wrack	3981	3.432	19	1.8421
creed	3972	3.4322	28	0.7857
crepe	3983	3.4322	17	0.8235
dying	3971	3.4323	29	0.5517
exalt	3955	3.4324	45	1.2889
pushy	3980	3.4325	20	1.75
easel	3977	3.4325	23	0.3043
swami	3986	3.4328	14	2.0
relax	3966	3.4329	34	0.2059
deter	3966	3.4332	34	0.4412
wordy	3977	3.4332	23	1.2174
young	3953	3.4333	47	2.234
topaz	3976	3.4334	24	1.4583
wispy	3982	3.4341	18	0.7778
tacit	3970	3.4341	30	1.4334
spool	3987	3.4347	13	1.0769
elder	3960	3.4349	40	1.45
vegan	3969	3.4349	31	2.1289
hymen	3965	3.436	35	1.0
state	3958	3.436	42	1.5
toxin	3971	3.4366	29	0.9655
asset	3971	3.4366	29	1.6552
there	3973	3.437	27	1.8148
atoll	3970	3.437	30	1.8667
gumbo	3985	3.4372	15	0.9333
piece	3968	3.4372	32	0.6562
banal	3979	3.4376	21	0.6667
spree	3979	3.4378	21	0.7143
algae	3965	3.4378	35	1.8856
sulky	3977	3.438	23	0.6087
zonal	3966	3.438	34	0.8529
pence	3975	3.4381	25	0.84
itchy	3976	3.4386	24	0.9166
tulle	3966	3.4387	34	0.8235
sneer	3974	3.4387	26	0.5385
truth	3974	3.439	26	0.2692
shoot	3974	3.4393	26	1.0769
venom	3979	3.4394	21	1.0
joint	3973	3.4395	27	1.5927
rowdy	3982	3.4396	18	0.7778
stoop	3977	3.4399	23	1.2174
woven	3967	3.4399	33	0.6364
given	3970	3.4402	30	1.6667
drier	3938	3.4402	62	0.6936
blitz	3984	3.4403	16	2.6876
extol	3974	3.4404	26	1.1154
sheen	3963	3.4406	37	1.3514
arena	3958	3.4408	42	1.0714
salad	3977	3.4413	23	0.9565
youth	3953	3.4414	47	1.3617
shall	3980	3.4416	20	0.35
canon	3970	3.4425	30	0.9667
pesky	3977	3.4427	23	1.2174
woken	3972	3.4427	28	0.5357
awful	3981	3.4428	19	0.3684
adapt	3975	3.4431	25	1.4
spoon	3983	3.4433	17	0.4118
mover	3970	3.4433	30	0.4667
detox	3976	3.4436	24	0.875
enter	3968	3.4437	32	1.4062
retro	3971	3.4437	29	1.4828
creme	3982	3.4439	18	1.2778
crier	3950	3.4441	50	1.46
knave	3966	3.4442	34	1.0882
pixel	3963	3.4444	37	0.7568
tenth	3974	3.4444	26	0.2692
bleed	3981	3.4444	19	0.7368
apple	3975	3.4448	25	0.88
press	3978	3.4448	22	0.3182
duchy	3975	3.445	25	0.56
stunt	3975	3.4451	25	0.88
privy	3968	3.4451	32	1.3125
hefty	3980	3.4452	20	1.4
peace	3985	3.4452	15	1.4666
lucky	3969	3.4455	31	0.9032
newly	3977	3.4456	23	0.913
beset	3985	3.4458	15	0.4667
elide	3963	3.4458	37	2.1622
virus	3979	3.446	21	1.8095
ovine	3958	3.4463	42	0.8333
blaze	3986	3.4463	14	1.5
titan	3968	3.4465	32	0.6875
steed	3979	3.4467	21	2.0
sheet	3980	3.4467	20	0.4
graze	3945	3.447	55	1.3091
tacky	3976	3.4473	24	0.875
local	3965	3.4476	35	1.4572
linen	3946	3.4477	54	1.037
trout	3966	3.4478	34	2.0001
beret	3974	3.448	26	1.9231
vomit	3974	3.4482	26	2.6923
donor	3971	3.4482	29	1.4828
pinky	3975	3.4485	25	0.84
eking	3966	3.4493	34	2.0882
fungi	3978	3.4496	22	0.9545
cello	3979	3.4499	21	1.0476
droop	3980	3.4499	20	1.0999
drill	3982	3.45	18	2.4443
genre	3965	3.4501	35	1.2
sooth	3979	3.4504	21	0.6667
hazel	3978	3.4504	22	0.3182
waltz	3980	3.4506	20	2.1
basal	3989	3.4509	11	1.2727
cabal	3982	3.451	18	0.3889
surer	3962	3.451	38	1.3685
unify	3966	3.4511	34	0.8824
comfy	3984	3.4513	16	2.625
allot	3969	3.4513	31	1.0
boost	3977	3.4515	23	0.913
alarm	3978	3.4518	22	1.0
fishy	3973	3.452	27	1.2963
these	3974	3.452	26	0.8077
timid	3989	3.4521	11	2.6364
reuse	3972	3.4522	28	0.5357
gravy	3971	3.453	29	0.7241
rupee	3975	3.453	25	1.4
fatal	3982	3.4531	18	1.9444
corer	3970	3.4531	30	1.0667
vouch	3977	3.4532	23	1.5217
erode	3973	3.4534	27	1.0741
ledge	3967	3.4535	33	1.7576
lipid	3984	3.4536	16	0.4375
windy	3980	3.4537	20	2.9
edify	3974	3.454	26	1.0769
pasta	3983	3.454	17	0.4118
mauve	3968	3.4542	32	0.4375
vague	3970	3.4542	30	1.4666
movie	3961	3.4542	39	1.6154
total	3961	3.4545	39	1.7949
vowel	3985	3.4545	15	4.2
semen	3981	3.4546	19	0.4211
imbue	3967	3.4552	33	0.6364
purer	3965	3.4555	35	0.4286
awoke	3966	3.4556	34	0.4118
opium	3984	3.4557	16	1.3749
sixth	3982	3.4558	18	0.7778
scree	3962	3.4564	38	1.3158
mushy	3979	3.4564	21	1.0
posse	3975	3.4565	25	0.84
waver	3964	3.4566	36	0.3889
piper	3951	3.4566	49	1.8776
noose	3955	3.4568	45	0.6222
riper	3970	3.457	30	0.7
truss	3976	3.4576	24	0.5833
curvy	3976	3.4577	24	1.1667
glass	3975	3.4578	25	0.64
abate	3969	3.4583	31	0.9677
speed	3972	3.4584	28	0.75
robot	3980	3.4584	20	1.05
eagle	3966	3.4586	34	0.4118
smell	3974	3.4586	26	1.0769
exist	3971	3.4589	29	0.7241
jaunt	3977	3.459	23	0.6087
motor	3972	3.4591	28	1.0
breed	3974	3.4592	26	0.5385
dread	3962	3.4593	38	0.5526
riser	3965	3.4594	35	0.4
fence	3983	3.4594	17	0.8235
rocky	3970	3.4594	30	1.2
smoky	3980	3.4594	20	1.05
wight	3977	3.4596	23	2.5652
droll	3981	3.4597	19	0.3684
apnea	3976	3.46	24	0.2917
betel	3979	3.4601	21	1.0
rerun	3953	3.4602	47	0.4681
sweet	3974	3.4609	26	0.8077
label	3966	3.461	34	1.7647
bulky	3978	3.4612	22	0.3182
greed	3957	3.4612	43	1.0232
shaky	3977	3.4621	23	1.3913
showy	3980	3.4625	20	0.35
extra	3965	3.4628	35	1.9715
genie	3952	3.4631	48	1.3749
joust	3964	3.4633	36	1.0
liege	3968	3.4635	32	0.875
agate	3955	3.4637	45	0.9777
murky	3959	3.4641	41	0.5122
green	3960	3.4648	40	1.0751
color	3981	3.4648	19	0.3684
etude	3971	3.4651	29	1.3103
ardor	3951	3.4651	49	1.6327
gazer	3963	3.4652	37	0.9459
video	3957	3.4654	43	1.4883
otter	3958	3.4657	42	1.0714
taboo	3971	3.4659	29	0.4828
leper	3975	3.4661	25	0.92
conch	3977	3.4662	23	1.5217
foamy	3974	3.4662	26	0.5769
cross	3979	3.4668	21	0.7143
order	3948	3.4669	52	1.1154
whisk	3978	3.4671	22	0.9545
slash	3985	3.4674	15	2.3333
milky	3966	3.468	34	1.0294
grill	3973	3.4685	27	0.7778
theta	3964	3.4685	36	0.9722
shell	3971	3.4685	29	0.7241
sheer	3958	3.4685	42	1.0
condo	3983	3.4687	17	0.8235
siege	3967	3.4687	33	0.4242
ester	3969	3.4687	31	0.9032
rearm	3980	3.4689	20	0.7
utter	3940	3.4691	60	1.5667
friar	3961	3.4692	39	0.9231
prior	3974	3.4692	26	1.9616
loose	3978	3.4696	22	1.2727
armor	3955	3.4696	45	1.2667
egret	3961	3.4698	39	1.3077
floor	3975	3.4705	25	0.56
heath	3965	3.4706	35	0.4
cress	3983	3.4708	17	1.2353
sauna	3955	3.4708	45	0.8222
musky	3976	3.4713	24	0.875
havoc	3981	3.4713	19	2.6316
bawdy	3983	3.4716	17	0.4118
dress	3974	3.4718	26	0.5385
agree	3957	3.4718	43	1.1628
flaky	3977	3.4718	23	1.2174
octet	3968	3.4723	32	2.3125
askew	3986	3.4725	14	4.0714
cacti	3969	3.4725	31	1.3872
elude	3984	3.4726	16	0.9375
vogue	3961	3.4727	39	1.641
drama	3968	3.4727	32	0.9062
savoy	3978	3.4731	22	0.9545
rider	3959	3.4733	41	1.4146
theme	3975	3.4733	25	0.28
ruler	3972	3.4736	28	1.0
rebar	3971	3.4739	29	0.5517
racer	3974	3.474	26	1.6154
brood	3978	3.4744	22	1.2727
merge	3970	3.4756	30	1.3
attic	3970	3.4756	30	1.1667
quilt	3966	3.4757	34	1.9117
blood	3985	3.4764	15	4.3998
dried	3957	3.4769	43	1.6744
axion	3943	3.4769	57	0.8772
crass	3979	3.477	21	1.6667
lasso	3977	3.4771	23	2.4783
helix	3975	3.4773	25	0.84
ruder	3970	3.4773	30	0.2667
cheer	3958	3.4775	42	0.6667
catch	3978	3.4776	22	1.2727
above	3977	3.4776	23	2.4783
bliss	3983	3.478	17	0.4118
honor	3970	3.4781	30	0.4667
nymph	3983	3.4785	17	0.4118
rural	3977	3.4789	23	2.826
gecko	3978	3.479	22	0.6364
quite	3945	3.4793	55	1.2727
picky	3971	3.4794	29	0.5172
froze	3959	3.4796	41	1.2684
butte	3959	3.4799	41	1.2684
recur	3962	3.4799	38	0.9737
stood	3976	3.48	24	1.75
cinch	3963	3.48	37	1.8919
bushy	3975	3.4801	25	1.4
moose	3968	3.4801	32	1.0938
bless	3978	3.4802	22	2.2728
crazy	3978	3.4802	22	0.3182
freed	3970	3.4808	30	0.9333
sheep	3989	3.4814	11	1.2727
dally	3970	3.4815	30	2.0
belie	3979	3.4815	21	0.381
exult	3964	3.4821	36	1.2222
moron	3975	3.4824	25	0.88
puree	3949	3.4825	51	0.2745
wimpy	3980	3.4829	20	1.0999
kneel	3968	3.4832	32	0.9688
aloof	3975	3.4837	25	0.28
ovary	3956	3.4841	44	0.7955
hunky	3976	3.4841	24	1.1667
quest	3970	3.4842	30	1.4334
leave	3963	3.4845	37	1.5405
tryst	3979	3.4845	21	0.3333
husky	3981	3.4847	19	2.6843
flood	3979	3.4847	21	2.1429
abbot	3964	3.4848	36	1.2222
circa	3972	3.485	28	0.8215
tithe	3964	3.4851	36	1.1667
druid	3955	3.4853	45	1.1334
gloss	3975	3.4854	25	1.12
enema	3972	3.4854	28	1.5
stout	3962	3.4855	38	1.0263
uncut	3981	3.4857	19	1.1053
paper	3960	3.486	40	1.2751
tally	3967	3.4862	33	1.4848
leech	3971	3.4865	29	1.4828
dusky	3975	3.4868	25	0.32
bayou	3950	3.4869	50	1.6999
mucky	3978	3.4872	22	1.2727
inane	3945	3.4872	55	1.1999
major	3966	3.4873	34	1.0294
tasty	3972	3.4876	28	1.0357
dross	3970	3.4879	30	2.6
briar	3968	3.4881	32	0.9688
bleep	3983	3.4881	17	2.0588
rumor	3963	3.4881	37	0.1892
ether	3967	3.4882	33	0.8485
tibia	3965	3.4883	35	0.4
hello	3968	3.4883	32	0.4375
slush	3973	3.4884	27	1.0741
zebra	3973	3.4891	27	0.2963
eager	3958	3.4892	42	0.8571
aroma	3957	3.4893	43	1.6047
scoop	3974	3.4894	26	1.3462
parer	3967	3.4899	33	1.5152
squat	3961	3.4903	39	1.8718
pupil	3979	3.4905	21	1.6667
junta	3965	3.4906	35	0.6
rodeo	3970	3.491	30	1.2
index	3965	3.4912	35	0.9143
rigid	3967	3.4912	33	1.4848
slosh	3973	3.4919	27	1.037
howdy	3983	3.4919	17	0.8235
arbor	3963	3.4922	37	1.5405
alpha	3983	3.4922	17	1.7647
legal	3964	3.4927	36	0.5833
broom	3979	3.4928	21	1.6667
quiet	3942	3.493	58	1.1551
canny	3975	3.4933	25	0.56
annul	3977	3.4933	23	0.9565
hutch	3982	3.4937	18	0.3889
ensue	3955	3.4938	45	1.4666
iliac	3975	3.4939	25	1.44
beget	3969	3.4941	31	1.3548
revel	3971	3.4944	29	0.4828
swoon	3980	3.4946	20	1.05
ninth	3966	3.4946	34	0.647
skill	3986	3.4948	14	2.5714
leery	3951	3.4949	49	1.5714
inner	3944	3.4949	56	1.1785
chill	3979	3.4956	21	1.3333
flail	3972	3.4957	28	0.5
sappy	3963	3.4958	37	0.973
mania	3973	3.4959	27	1.3333
harsh	3978	3.496	22	0.3182
maize	3959	3.4967	41	0.7561
hatch	3980	3.497	20	1.8
covey	3965	3.4971	35	1.4
hedge	3974	3.4972	26	0.8847
quart	3966	3.4972	34	0.9412
spoof	3990	3.4973	10	2.1
radii	3965	3.4975	35	1.0857
lilac	3974	3.4976	26	1.0769
ratty	3976	3.4976	24	1.2083
swell	3978	3.4979	22	1.9999
amiss	3974	3.498	26	2.9231
renew	3979	3.4981	21	0.7143
abase	3970	3.4981	30	0.4667
alibi	3973	3.4983	27	0.2593
segue	3957	3.4986	43	2.0464
waive	3971	3.4987	29	0.2414
deuce	3969	3.499	31	0.7742
adage	3977	3.499	23	0.3043
patty	3971	3.4992	29	0.4828
award	3974	3.4993	26	0.8077
heavy	3968	3.4994	32	2.0936
libel	3972	3.4995	28	0.8215
chili	3973	3.4997	27	0.7778
cache	3963	3.4997	37	0.2162
gloom	3980	3.5004	20	2.1
again	3960	3.5005	40	1.1501
zesty	3967	3.5008	33	1.0606
seven	3971	3.5011	29	0.7586
await	3968	3.5013	32	1.3125
digit	3964	3.5017	36	1.6667
idiot	3960	3.5019	40	2.325
verse	3973	3.5019	27	0.8519
toxic	3969	3.502	31	1.9032
grass	3979	3.5023	21	0.7143
tutor	3957	3.5025	43	1.6279
tweed	3978	3.5027	22	3.5
boxer	3968	3.5028	32	0.9062
testy	3975	3.5029	25	1.4
lupus	3980	3.5031	20	2.45
sleek	3974	3.5032	26	1.6154
swoop	3989	3.5035	11	1.2727
masse	3981	3.5044	19	1.1053
junto	3964	3.505	36	0.5833
mecca	3970	3.5055	30	0.2333
whiny	3969	3.5056	31	1.129
vodka	3971	3.5059	29	1.4483
plump	3986	3.5059	14	0.5
goose	3981	3.5061	19	1.1053
bribe	3955	3.5063	45	0.3111
nerve	3955	3.5065	45	1.2444
stash	3975	3.5069	25	1.52
frill	3978	3.5076	22	0.3182
twist	3983	3.5083	17	0.8235
alley	3953	3.5084	47	0.2979
bloom	3990	3.5085	10	1.4
spook	3976	3.5086	24	2.9167
rally	3962	3.5088	38	2.7893
envoy	3961	3.5089	39	0.9231
agape	3975	3.5089	25	2.88
clack	3974	3.509	26	0.5385
quote	3955	3.5092	45	1.8001
bible	3968	3.5094	32	1.125
booth	3973	3.5095	27	1.8148
roger	3964	3.5097	36	0.3889
ditto	3967	3.5098	33	2.0302
carry	3958	3.5099	42	0.8571
hunch	3966	3.5101	34	1.2353
ahead	3960	3.5108	40	1.2751
naval	3977	3.511	23	0.6957
juice	3966	3.511	34	0.2353
retry	3965	3.5111	35	0.8286
pooch	3988	3.5111	12	2.9167
proof	3983	3.5112	17	0.4118
azure	3957	3.5118	43	0.6512
usurp	3983	3.512	17	0.8235
creek	3961	3.512	39	1.2051
cliff	3978	3.5123	22	0.9545
groom	3975	3.5125	25	1.68
ember	3964	3.5126	36	0.8056
pulpy	3976	3.5126	24	2.0417
hitch	3971	3.5129	29	1.0
borax	3970	3.5132	30	0.7333
ionic	3969	3.5141	31	1.1935
sweep	3980	3.5144	20	1.5
spasm	3978	3.5145	22	1.7273
afoot	3971	3.5147	29	2.0
augur	3941	3.5148	59	1.0678
sally	3978	3.515	22	0.6364
whack	3981	3.5151	19	0.7368
vying	3966	3.5152	34	0.8824
sniff	3979	3.5156	21	1.0
dwell	3984	3.5161	16	0.875
newer	3952	3.5165	48	0.8125
qualm	3977	3.5173	23	0.6087
fixer	3963	3.5177	37	0.8108
photo	3966	3.5179	34	1.2353
squad	3963	3.518	37	1.7567
fjord	3977	3.5181	23	2.1304
lever	3960	3.5181	40	1.3001
wooer	3959	3.5181	41	0.8537
rigor	3958	3.5183	42	1.381
golly	3965	3.5186	35	2.3144
brass	3983	3.5186	17	1.2941
event	3965	3.5187	35	1.3143
ivory	3956	3.5188	44	0.7955
obese	3981	3.519	19	0.3684
never	3948	3.5193	52	1.2115
wacky	3974	3.5193	26	0.8077
dolly	3969	3.5194	31	0.4516
upper	3963	3.5196	37	0.5946
delve	3976	3.52	24	0.875
smash	3984	3.5201	16	2.375
floss	3981	3.5204	19	1.1053
swill	3974	3.5204	26	0.2692
undue	3964	3.5209	36	0.7778
outdo	3959	3.5209	41	0.6829
manga	3982	3.521	18	1.1667
comma	3977	3.5213	23	0.6087
equal	3956	3.5215	44	0.9773
proxy	3967	3.5215	33	1.5152
click	3965	3.5217	35	1.6
gorge	3953	3.5217	47	0.5957
oxide	3949	3.5219	51	1.7254
defer	3966	3.522	34	1.0588
curry	3968	3.5223	32	2.0
beech	3976	3.5224	24	0.2917
udder	3936	3.5246	64	0.5469
roomy	3960	3.5247	40	0.9
sever	3964	3.5247	36	0.4167
blurb	3975	3.5251	25	0.28
funky	3967	3.5253	33	1.0606
loyal	3964	3.5254	36	0.7778
ditty	3949	3.5254	51	1.5687
quash	3965	3.5254	35	0.8286
unzip	3965	3.5255	35	2.4573
parka	3976	3.526	24	0.5833
elegy	3970	3.5261	30	1.2333
comic	3964	3.5261	36	0.8056
sewer	3969	3.5263	31	0.4516
sixty	3967	3.5266	33	0.4545
banjo	3971	3.527	29	0.7241
reedy	3970	3.5272	30	1.6667
outgo	3959	3.5275	41	1.0731
petty	3970	3.5275	30	0.2333
staff	3980	3.5277	20	1.85
dilly	3972	3.5279	28	1.1071
conic	3973	3.5283	27	1.037
icing	3973	3.5284	27	1.2963
union	3940	3.5284	60	1.2333
dully	3975	3.5286	25	0.28
where	3957	3.5291	43	0.814
gross	3969	3.5291	31	1.4193
humus	3972	3.5292	28	0.75
couch	3960	3.5293	40	1.225
gauze	3948	3.5295	52	1.4231
knoll	3978	3.5296	22	0.9545
coach	3965	3.5303	35	1.8856
stiff	3971	3.5305	29	0.9655
apply	3967	3.5306	33	2.3333
thigh	3962	3.5311	38	1.421
dodge	3953	3.5313	47	1.8511
skull	3981	3.5314	19	0.7368
inbox	3968	3.5317	32	1.1562
seedy	3972	3.5317	28	0.5
alloy	3948	3.5321	52	0.9423
aging	3948	3.5321	52	0.9616
crook	3972	3.5322	28	1.8573
cynic	3962	3.5323	38	1.3158
sieve	3964	3.5325	36	0.5833
cycle	3967	3.5327	33	1.5152
serve	3967	3.5328	33	0.2121
sully	3970	3.5333	30	1.1667
chess	3980	3.5334	20	1.05
sooty	3970	3.5338	30	1.8667
mucus	3979	3.5338	21	1.0476
harry	3955	3.5341	45	0.6222
pagan	3978	3.5344	22	1.3636
modem	3963	3.5345	37	1.1891
quail	3954	3.5346	46	0.7609
odder	3952	3.5346	48	1.5208
icily	3968	3.5347	32	1.3125
crack	3966	3.535	34	1.7059
catty	3972	3.5352	28	2.5357
clock	3977	3.5355	23	1.9565
diode	3964	3.5356	36	0.6111
silly	3971	3.5357	29	1.2069
valve	3977	3.5358	23	2.5217
parry	3966	3.5359	34	2.0882
quota	3956	3.536	44	1.7955
nylon	3961	3.5362	39	0.7179
annoy	3964	3.5378	36	1.0278
gooey	3934	3.5382	66	1.0758
fella	3969	3.5382	31	0.7096
tight	3974	3.5382	26	1.6539
judge	3968	3.5382	32	0.9062
civil	3969	3.5382	31	1.8065
payee	3966	3.5395	34	0.8235
kneed	3965	3.5395	35	1.0857
humph	3981	3.5402	19	3.3684
allow	3979	3.5404	21	1.3333
nutty	3962	3.5407	38	1.2895
batty	3967	3.5408	33	0.2121
joker	3956	3.5409	44	1.2727
basis	3968	3.5409	32	0.6875
furor	3973	3.5411	27	1.037
quoth	3958	3.5413	42	0.881
waxen	3968	3.5416	32	0.4375
undid	3960	3.5417	40	1.0999
dryer	3950	3.5419	50	0.74
river	3946	3.542	54	1.7037
booty	3976	3.543	24	1.5
bevel	3972	3.5432	28	1.5358
usual	3968	3.5433	32	1.125
loopy	3974	3.5437	26	0.5385
macaw	3989	3.5437	11	1.2727
offal	3968	3.5439	32	1.3438
crick	3964	3.544	36	1.1945
aware	3962	3.545	38	0.3684
toddy	3958	3.5452	42	1.7143
gauge	3940	3.5456	60	1.4834
dandy	3966	3.5457	34	0.8235
lorry	3955	3.5463	45	0.8
rower	3969	3.5467	31	1.6452
idyll	3974	3.5468	26	1.6922
wheel	3966	3.5471	34	2.4999
axiom	3951	3.548	49	1.0204
forgo	3978	3.5481	22	0.9545
larva	3974	3.5489	26	1.3462
gaffe	3961	3.549	39	1.6154
penny	3969	3.5494	31	1.129
sorry	3959	3.5496	41	0.6829
livid	3974	3.5504	26	0.3077
folio	3981	3.5505	19	0.3684
mafia	3968	3.5506	32	0.2188
marry	3959	3.5507	41	0.6829
rabbi	3970	3.5509	30	0.5
koala	3968	3.5514	32	0.6562
embed	3981	3.5514	19	0.7368
caddy	3973	3.5518	27	0.8148
holly	3964	3.5521	36	2.6112
idiom	3978	3.5525	22	0.6364
venue	3940	3.5525	60	1.3167
billy	3962	3.5528	38	0.9211
filly	3966	3.5531	34	0.6176
shook	3979	3.5532	21	4.381
karma	3980	3.5538	20	0.7
occur	3950	3.5542	50	0.6
putty	3961	3.5543	39	0.7179
sunny	3955	3.5544	45	2.0222
theft	3968	3.5545	32	0.4375
bitty	3963	3.5545	37	0.5676
teddy	3968	3.555	32	0.2188
equip	3953	3.5554	47	0.9149
oddly	3974	3.5555	26	0.8077
revue	3949	3.5555	51	1.3136
pique	3959	3.5564	41	1.4634
fewer	3968	3.5574	32	1.3438
knack	3977	3.5574	23	2.5217
issue	3960	3.5586	40	0.775
villa	3970	3.5589	30	0.4667
bosom	3986	3.5593	14	2.0
polyp	3981	3.5593	19	0.7368
avian	3959	3.5595	41	0.1707
crock	3971	3.5601	29	1.2069
fauna	3971	3.5602	29	1.0
going	3952	3.5604	48	1.0625
moody	3961	3.5605	39	1.8462
merry	3953	3.5605	47	1.3829
mossy	3974	3.5605	26	0.2692
krill	3964	3.5607	36	0.9722
berry	3948	3.5611	52	0.4038
fifth	3974	3.5611	26	0.8461
enemy	3954	3.5613	46	1.2826
coyly	3964	3.5617	36	1.8055
wedge	3974	3.5618	26	0.2692
dryly	3975	3.5619	25	1.12
leggy	3952	3.5621	48	1.5417
tenet	3956	3.5621	44	1.4999
guess	3966	3.5621	34	1.5001
igloo	3966	3.5623	34	1.0294
gully	3972	3.5624	28	1.25
belly	3972	3.5626	28	1.25
cubic	3968	3.5628	32	0.4375
evade	3967	3.563	33	1.0
avail	3967	3.565	33	0.8485
cluck	3981	3.5651	19	1.1053
paddy	3973	3.5653	27	2.1852
aback	3967	3.5657	33	0.2121
mambo	3975	3.5659	25	0.56
hilly	3968	3.5661	32	1.0938
vixen	3948	3.567	52	0.5769
folly	3970	3.568	30	1.6333
bully	3965	3.5685	35	0.4
visit	3973	3.571	27	1.3333
vigil	3975	3.571	25	0.28
ruddy	3970	3.5711	30	0.4667
scoff	3977	3.5714	23	1.3478
offer	3951	3.5714	49	1.7755
needy	3954	3.5716	46	0.6739
gawky	3972	3.5717	28	0.5
arrow	3965	3.5718	35	1.8856
chaff	3982	3.5723	18	0.3889
taffy	3962	3.5723	38	1.1053
fanny	3979	3.5723	21	0.6667
myrrh	3967	3.5728	33	0.8485
ferry	3945	3.5729	55	1.4728
epoxy	3973	3.5729	27	0.5185
swish	3973	3.573	27	0.7778
rover	3944	3.5732	56	0.8929
snuff	3965	3.5733	35	1.2
gayly	3967	3.5733	33	0.4242
bunny	3971	3.5738	29	0.2759
buxom	3981	3.5742	19	3.8947
bongo	3963	3.5757	37	0.7568
heave	3962	3.5758	38	0.1842
ennui	3951	3.5758	49	1.4082
knock	3970	3.5763	30	0.5333
plaza	3983	3.5765	17	1.7647
hippy	3973	3.5766	27	0.7778
brook	3964	3.5769	36	1.0
stuff	3982	3.5771	18	1.1667
hippo	3969	3.5775	31	0.4839
hussy	3964	3.5779	36	0.9722
missy	3978	3.5783	22	0.6364
shyly	3980	3.5783	20	0.7
quark	3953	3.5786	47	1.1064
quasi	3957	3.579	43	0.7907
gouge	3938	3.5793	62	1.2581
whoop	3980	3.5793	20	0.7
fatty	3968	3.5804	32	1.5938
awash	3968	3.5808	32	0.4375
skunk	3972	3.581	28	1.75
verge	3966	3.5819	34	1.4706
sushi	3971	3.5825	29	0.5172
wooly	3973	3.5826	27	0.2593
tabby	3976	3.583	24	2.4167
squib	3971	3.584	29	0.7241
enjoy	3949	3.5847	51	0.6863
fever	3968	3.585	32	0.2188
cheek	3969	3.5859	31	0.2258
dummy	3967	3.5865	33	1.0909
skulk	3973	3.5869	27	2.3333
fugue	3970	3.5875	30	0.5
lowly	3970	3.5876	30	0.4667
bluff	3984	3.5879	16	1.0
worry	3964	3.588	36	1.8333
furry	3946	3.588	54	1.1667
willy	3966	3.588	34	1.0294
muddy	3965	3.5891	35	1.2
swash	3977	3.5892	23	0.6087
happy	3957	3.59	43	0.4884
jumpy	3971	3.5906	29	1.2069
which	3969	3.592	31	0.6774
chuck	3978	3.594	22	0.6364
giddy	3941	3.5941	59	0.8983
kiosk	3972	3.5942	28	0.5
query	3940	3.5945	60	1.9
gassy	3962	3.5952	38	1.1053
eject	3968	3.5953	32	0.6562
fully	3968	3.5961	32	1.9688
salsa	3974	3.5967	26	0.5385
buddy	3965	3.5976	35	0.4286
tepee	3968	3.5977	32	0.5
witty	3961	3.5978	39	0.7179
widow	3968	3.598	32	1.8438
quirk	3953	3.5983	47	1.5957
juicy	3949	3.6004	51	0.7059
bezel	3969	3.6007	31	1.6129
essay	3943	3.6013	57	0.8596
goody	3962	3.6013	38	0.7895
bossy	3981	3.6025	19	0.3684
quake	3950	3.6026	50	0.46
gruff	3981	3.6027	19	0.3684
exert	3954	3.6034	46	1.2609
lobby	3975	3.6042	25	1.4
fifty	3960	3.6042	40	0.525
awake	3959	3.605	41	0.3415
check	3970	3.6064	30	0.4667
soggy	3959	3.6068	41	0.1707
penne	3972	3.607	28	1.8573
every	3950	3.6082	50	1.7201
ovoid	3971	3.6086	29	2.3102
exile	3943	3.6097	57	2.2806
wryly	3966	3.6103	34	0.8529
quick	3950	3.6113	50	0.98
hobby	3959	3.6122	41	0.6829
cabby	3978	3.6125	22	0.3182
chick	3968	3.6126	32	0.4688
biddy	3970	3.6128	30	0.7
chock	3972	3.6131	28	2.357
dodgy	3963	3.6133	37	1.1891
gypsy	3978	3.6145	22	1.9999
abyss	3978	3.6148	22	2.909
quack	3964	3.6153	36	0.9722
jumbo	3987	3.6156	13	2.1538
rotor	3955	3.6159	45	2.0222
eerie	3945	3.6163	55	1.1455
sense	3964	3.6163	36	0.7778
pixie	3959	3.6165	41	1.0488
seize	3966	3.6171	34	0.2059
weedy	3976	3.6173	24	0.625
kebab	3971	3.6177	29	0.4828
known	3968	3.6178	32	0.4688
hurry	3950	3.6178	50	0.84
melee	3965	3.6181	35	0.6
funny	3970	3.6183	30	2.0333
belle	3977	3.619	23	0.3043
radar	3963	3.6193	37	2.9461
beefy	3973	3.6209	27	1.037
axial	3963	3.6222	37	0.1892
piggy	3965	3.6246	35	1.2
weave	3956	3.6247	44	0.1591
goofy	3961	3.6253	39	0.5385
baggy	3962	3.6255	38	0.5526
excel	3956	3.626	44	1.0
skiff	3972	3.6277	28	0.5
abbey	3950	3.6296	50	0.56
woody	3965	3.6305	35	0.4286
gummy	3962	3.6312	38	0.9474
fussy	3967	3.6324	33	0.6666
papal	3974	3.6328	26	0.8461
guava	3957	3.633	43	1.1861
expel	3968	3.6349	32	1.3749
dowdy	3968	3.635	32	0.4375
kinky	3958	3.6369	42	1.4048
jerky	3959	3.6384	41	1.1951
guppy	3966	3.6386	34	1.0294
ozone	3958	3.6388	42	0.881
savvy	3962	3.6408	38	0.7368
annex	3949	3.6416	51	0.9608
buggy	3970	3.6429	30	0.2333
teeth	3958	3.6438	42	0.3333
error	3935	3.6454	65	1.3846
pygmy	3984	3.6455	16	0.4375
motto	3969	3.6491	31	1.1935
pizza	3952	3.6496	48	0.6458
queen	3945	3.6529	55	1.2181
rarer	3943	3.6575	57	0.7544
geeky	3955	3.6581	45	1.1777
quill	3961	3.6582	39	1.3846
llama	3970	3.6585	30	0.9333
kitty	3960	3.6592	40	1.625
khaki	3951	3.6596	49	1.0816
amaze	3954	3.6641	46	0.6304
foggy	3969	3.6646	31	0.9032
razor	3960	3.6656	40	0.9
geese	3957	3.6657	43	1.7674
jewel	3965	3.6664	35	0.8
tweet	3969	3.6664	31	0.6774
cocoa	3954	3.6666	46	0.8043
rajah	3956	3.667	44	0.7955
amass	3968	3.668	32	0.2188
booze	3956	3.6681	44	0.4773
ninja	3948	3.6699	52	0.4231
tooth	3966	3.6702	34	1.7059
twixt	3968	3.6718	32	0.4375
puffy	3963	3.6734	37	0.7568
madam	3959	3.6752	41	1.1951
maxim	3951	3.6784	49	0.8776
whiff	3979	3.6784	21	1.0
refer	3974	3.679	26	0.8077
queer	3934	3.6829	66	0.7424
quell	3956	3.683	44	0.7045
freer	3954	3.6866	46	1.4347
evoke	3958	3.6867	42	1.0714
jelly	3951	3.6871	49	0.8571
minim	3976	3.6874	24	1.1667
allay	3958	3.6882	42	0.1667
gamma	3967	3.6891	33	0.6364
femme	3967	3.6927	33	1.0606
tatty	3941	3.6946	59	1.2203
jolly	3963	3.6972	37	2.4595
jetty	3952	3.6983	48	1.3541
mimic	3956	3.6995	44	0.4773
onion	3937	3.7025	63	0.5873
verve	3951	3.7034	49	1.0816
level	3956	3.7057	44	1.1364
juror	3945	3.7085	55	0.8909
emcee	3956	3.7093	44	1.3182
slyly	3961	3.7098	39	1.9744
cacao	3953	3.7121	47	0.617
assay	3940	3.7218	60	1.05
magma	3971	3.7232	29	0.7241
mammy	3949	3.7267	51	0.7059
array	3944	3.7305	56	1.3929
nanny	3942	3.7337	58	0.8448
shush	3964	3.7356	36	2.0
daddy	3946	3.7422	54	1.2037
affix	3960	3.7456	40	0.35
ninny	3933	3.7472	67	0.4478
fluff	3961	3.7476	39	0.9231
kappa	3973	3.7484	27	0.5926
puppy	3955	3.7493	45	0.8
sissy	3946	3.7498	54	1.8519
woozy	3941	3.7628	59	1.0678
sassy	3941	3.7647	59	1.0678
boozy	3956	3.7675	44	1.5909
booby	3936	3.776	64	0.9844
dizzy	3945	3.7774	55	1.6364
vivid	3960	3.7829	40	0.925
civic	3958	3.7879	42	0.6667
mummy	3953	3.7886	47	0.8936
fizzy	3952	3.7942	48	0.625
poppy	3956	3.7966	44	0.9545
kayak	3932	3.7978	68	0.6324
fuzzy	3935	3.8188	65	1.1077
bobby	3957	3.8189	43	0.814
jiffy	3957	3.8236	43	0.6744
mamma	3949	3.852	51	0.9608
queue	3929	3.8649	71	0.9295
jazzy	3937	3.9169	63	0.4762
