caries	2995	2.637	5	1.4
biters	2995	2.6403	5	2.8
trains	2993	2.6407	7	3.0
alters	2996	2.6427	4	1.75
canter	2992	2.643	8	0.875
trails	2998	2.6433	2	3.5
cartel	2995	2.6437	5	2.8
caster	2994	2.6443	6	2.5
barest	2996	2.6457	4	2.0
cantos	2998	2.6513	2	7.0
castor	2999	2.653	1	7.0
caters	2994	2.655	6	3.5
barite	2993	2.655	7	3.2859
tables	2997	2.6557	3	2.3333
antics	2998	2.6563	2	4.0
banter	2993	2.6607	7	3.1427
carols	2999	2.6653	1	7.0
castle	2998	2.6653	2	7.0
blares	2994	2.667	6	1.1667
closet	2999	2.671	1	7.0
trades	2991	2.6713	9	2.4443
astern	2994	2.6713	6	1.1667
baster	2992	2.6743	8	1.875
racist	2997	2.6757	3	5.0
antler	2994	2.676	6	2.5
basted	2994	2.6776	6	5.8333
balers	2992	2.679	8	1.75
parent	2998	2.6803	2	3.5
trials	2999	2.6803	1	8.0
silent	2996	2.6813	4	3.75
blades	2991	2.6817	9	3.3333
brains	2995	2.682	5	5.8
bailed	2987	2.6837	13	2.3077
bestir	2989	2.684	11	3.1818
cantor	2995	2.6843	5	2.8
brutes	2994	2.685	6	2.3333
listed	2996	2.685	4	7.0
cabins	2999	2.6863	1	7.0
ladies	2998	2.687	2	3.5
ardent	2993	2.6873	7	1.0
armies	2994	2.688	6	3.5
bleats	2992	2.6883	8	1.875
ratios	2995	2.6894	5	1.6
carted	2993	2.69	7	2.1429
plates	2994	2.6907	6	1.1667
learnt	2995	2.6907	5	1.4
cables	2993	2.6913	7	3.0
tribes	2995	2.6923	5	1.4
alders	2996	2.6923	4	1.75
stolen	2997	2.6927	3	2.6667
carton	2995	2.6927	5	1.4
bairns	2993	2.6927	7	1.0
lasted	2991	2.694	9	0.7778
rental	2994	2.6943	6	1.1667
retain	2993	2.6944	7	1.0
batons	2999	2.6957	1	7.0
stable	2995	2.6957	5	1.4
learns	2993	2.6963	7	4.0
strain	2997	2.697	3	2.3333
cairns	2995	2.6977	5	2.8
sorted	2997	2.698	3	7.0
canids	2994	2.698	6	2.6667
cadets	2995	2.698	5	1.6
sector	2998	2.6983	2	7.0
baiter	2995	2.699	5	3.0
alerts	2996	2.6993	4	1.75
claims	2998	2.6993	2	7.5
cabled	2985	2.6997	15	1.4666
bailer	2992	2.6997	8	1.75
carpet	2994	2.7007	6	4.8333
listen	2996	2.7007	4	7.25
traced	2989	2.7013	11	2.5455
brines	2990	2.7017	10	3.6
candor	2989	2.7026	11	4.5455
subtle	2993	2.7027	7	2.1429
bracts	2997	2.703	3	2.3333
sprint	2996	2.7037	4	5.4997
beards	2985	2.7037	15	2.8668
aliens	2996	2.704	4	3.5
places	2990	2.7041	10	0.8
panels	2995	2.7043	5	3.0
actors	2996	2.7047	4	3.5
blader	2983	2.7057	17	1.2941
braces	2985	2.706	15	2.5333
barons	2996	2.7063	4	5.25
crimes	2994	2.7073	6	1.1667
cedars	2991	2.708	9	0.7778
closer	2995	2.709	5	1.4
absent	2993	2.71	7	4.1429
balder	2995	2.71	5	2.8
marine	2989	2.7103	11	1.2727
brands	2992	2.7123	8	1.0
bacons	2992	2.7127	8	2.625
sacred	2993	2.7127	7	3.0
ascent	2995	2.7127	5	1.4
bistro	2991	2.713	9	3.1111
raised	2997	2.7133	3	5.3333
binder	2991	2.715	9	0.7778
bandit	2995	2.7157	5	1.4
ambles	2993	2.716	7	3.1427
arisen	2996	2.7163	4	3.5
burnet	2992	2.7163	8	2.625
albeit	2990	2.7163	10	2.9
albite	2994	2.7163	6	4.0
braise	2987	2.7173	13	1.0769
notice	2994	2.7173	6	3.5
acorns	2998	2.718	2	7.0
planes	2994	2.7183	6	4.0
result	2998	2.7183	2	7.0
armlet	2993	2.7184	7	5.1429
serial	2996	2.7187	4	7.5
casein	2992	2.7193	8	2.625
aborts	2999	2.7193	1	8.0
blames	2992	2.7197	8	4.625
single	2993	2.72	7	1.0
cadres	2998	2.72	2	3.5
staple	2996	2.7203	4	3.5
apices	2995	2.7207	5	1.4
braids	2992	2.7207	8	2.8751
airmen	2995	2.7207	5	3.0
bridal	2989	2.721	11	2.6364
dental	2998	2.7213	2	7.0
catnip	2996	2.7217	4	5.4997
stance	2998	2.7223	2	4.0
bander	2989	2.7226	11	4.2725
canoes	2993	2.7227	7	5.0
aorist	2998	2.723	2	3.5
closed	2993	2.7233	7	1.0
candle	2996	2.7233	4	7.0
drones	2996	2.7234	4	7.75
retail	2996	2.724	4	2.0
carped	2986	2.724	14	5.786
biotas	2996	2.724	4	3.75
script	2993	2.724	7	1.0
burton	2995	2.724	5	1.4
canted	2992	2.724	8	2.8751
metals	2993	2.724	7	3.0
carpel	2991	2.7243	9	1.0
breast	2995	2.7253	5	3.0
planet	2995	2.7253	5	1.4
client	2995	2.7253	5	4.3998
pirate	2996	2.7257	4	3.5
anoles	2996	2.726	4	2.0
plants	3000	2.7263
biased	2987	2.7263	13	1.6922
bagels	2995	2.7264	5	3.0
braced	2983	2.7267	17	2.6471
hearts	2996	2.727	4	5.4997
aortic	2993	2.7273	7	2.0
brined	2984	2.7276	16	3.6251
routes	2993	2.7276	7	1.1429
carbon	2995	2.7277	5	7.8
tribal	2997	2.728	3	2.6667
carbos	2995	2.7283	5	2.8
anodes	2991	2.7286	9	1.6667
berths	2993	2.7287	7	3.0
banger	2993	2.729	7	3.1427
counts	3000	2.729
aiders	2994	2.729	6	3.5
borate	2991	2.7293	9	2.4443
master	2998	2.7294	2	7.0
anther	2996	2.7294	4	5.25
casino	2993	2.7294	7	4.0
breads	2989	2.73	11	1.2727
grants	2996	2.7303	4	1.75
bridle	2990	2.7313	10	0.8
pastor	2999	2.7313	1	7.0
audits	2991	2.7316	9	1.6667
cation	2996	2.7317	4	5.25
nature	2994	2.7317	6	1.1667
barges	2997	2.732	3	2.6667
merits	2998	2.732	2	3.5
adroit	2996	2.7323	4	4.0
scared	2982	2.7323	18	2.0556
coated	2987	2.7324	13	3.3078
butler	2989	2.7327	11	2.9091
baited	2993	2.7327	7	2.2857
blared	2992	2.733	8	1.75
bathes	2994	2.733	6	2.5
clouds	2996	2.7333	4	1.75
argent	2997	2.7333	3	2.6667
calmer	2991	2.734	9	2.3333
broils	2998	2.7343	2	3.5
robust	2995	2.735	5	1.4
camels	2998	2.7353	2	4.0
senior	2990	2.7353	10	1.5
charts	2994	2.7357	6	2.3333
buries	2995	2.7363	5	3.2
angles	2996	2.7367	4	5.4997
creams	2993	2.737	7	2.1429
second	2992	2.737	8	1.875
rating	2994	2.737	6	4.0
citrus	2997	2.7376	3	7.0
angers	2997	2.7387	3	4.6667
abides	2989	2.739	11	2.2726
rustic	2995	2.739	5	5.6
detail	2994	2.7406	6	2.5
dancer	2987	2.7413	13	4.0002
adopts	2994	2.7417	6	1.1667
amines	2994	2.7417	6	2.5
broads	2996	2.742	4	1.75
butane	2990	2.742	10	4.2
angels	2997	2.742	3	4.6667
crafts	2994	2.7423	6	2.3333
colder	2990	2.7427	10	2.8
aprons	2992	2.7427	8	1.75
barged	2990	2.743	10	1.4
blurts	2993	2.7437	7	3.1427
ranges	2995	2.7437	5	2.8
burden	2989	2.7441	11	3.8182
credit	2994	2.7443	6	5.0
bodies	2987	2.7444	13	1.0769
amulet	2992	2.7447	8	3.5
cardio	2989	2.7447	11	2.5455
hatred	2985	2.7447	15	4.9333
turned	2990	2.7449	10	3.2
habits	2991	2.745	9	0.7778
chalet	2996	2.745	4	1.75
racism	2998	2.745	2	3.5
points	2997	2.745	3	2.3333
miners	2999	2.7453	1	7.0
direct	2992	2.7453	8	2.625
mailed	2984	2.7456	16	1.3125
giants	2998	2.7457	2	3.5
bedsit	2991	2.7457	9	2.3333
almost	2999	2.7457	1	7.0
placed	2990	2.746	10	3.7
blonds	2997	2.746	3	5.0
parcel	2992	2.746	8	2.8751
pedals	2996	2.7463	4	5.7503
salmon	2997	2.7463	3	2.3333
boards	2988	2.7464	12	2.5
slider	2991	2.747	9	1.5556
broncs	2999	2.747	1	7.0
insect	2998	2.747	2	3.5
plains	2997	2.747	3	5.0
buster	2997	2.747	3	2.3333
aligns	2994	2.7473	6	2.5
bisect	2992	2.7473	8	2.8751
bangle	2998	2.7477	2	3.5
auntie	2991	2.7477	9	0.7778
caroms	2999	2.748	1	7.0
alpine	2989	2.7481	11	0.6364
blinds	2995	2.7483	5	1.4
births	2996	2.7486	4	5.4997
patron	2997	2.7487	3	5.0
burned	2987	2.749	13	1.6154
triple	2993	2.7493	7	2.0
mentor	2999	2.7497	1	7.0
calmed	2995	2.7497	5	4.2
insert	2999	2.7497	1	7.0
adorns	2996	2.75	4	5.4997
patrol	2994	2.7503	6	3.6665
cargos	2998	2.7503	2	7.0
canoed	2992	2.7507	8	1.875
praise	2990	2.751	10	1.6
topics	2995	2.751	5	2.8
paired	2991	2.751	9	2.4443
suited	2990	2.7513	10	1.4
postal	2999	2.7513	1	7.0
pilots	2995	2.7513	5	2.8
dating	2998	2.7517	2	3.5
admits	2998	2.7517	2	3.5
adobes	2988	2.752	12	3.0833
scored	2992	2.7523	8	3.625
boiler	2993	2.7523	7	4.0
angler	2997	2.7523	3	2.3333
eating	2991	2.7527	9	3.3333
abodes	2992	2.7527	8	3.625
bather	2993	2.7533	7	3.4286
trends	2996	2.7533	4	5.4997
arches	2995	2.7533	5	1.6
amidst	2997	2.7533	3	2.3333
boater	2990	2.7533	10	3.5
around	2988	2.7533	12	1.25
poster	2994	2.7534	6	4.6667
grades	2991	2.7537	9	4.1111
camber	2990	2.754	10	2.1
united	2982	2.7543	18	4.0555
boules	2997	2.7557	3	2.6667
courts	2998	2.7557	2	3.5
stored	2998	2.7557	2	7.0
albino	2992	2.7557	8	0.875
singer	2995	2.756	5	3.0
capons	2993	2.7567	7	3.2859
censor	2995	2.7567	5	2.8
ankles	2993	2.7567	7	1.0
stream	2996	2.757	4	1.75
admire	2989	2.7571	11	4.7275
search	2997	2.7577	3	2.3333
bidets	2989	2.7577	11	0.7273
adults	2996	2.758	4	2.0
caring	2995	2.758	5	3.0
action	2995	2.7583	5	1.4
mature	2992	2.7583	8	3.5
polite	2997	2.7587	3	2.3333
binges	2994	2.7587	6	1.1667
calves	2996	2.7587	4	1.75
oceans	2993	2.759	7	2.0
bustle	2994	2.759	6	3.8335
ounces	2995	2.759	5	1.4
costly	2996	2.7604	4	1.75
locate	2995	2.7607	5	1.4
strong	2999	2.7607	1	7.0
blunts	2993	2.761	7	3.2859
baling	2993	2.7616	7	1.0
capsid	2991	2.7617	9	3.2222
baring	2999	2.762	1	7.0
doubts	2996	2.7623	4	1.75
bounds	2991	2.7624	9	1.6667
boners	2997	2.7627	3	2.3333
varies	2997	2.763	3	3.0
chants	2998	2.763	2	3.5
boiled	2992	2.7633	8	2.7499
builds	2995	2.7633	5	4.6002
prints	2997	2.7633	3	4.6667
organs	2996	2.7637	4	3.5
prices	2997	2.764	3	5.0
gamers	2992	2.7641	8	5.25
ambers	2994	2.7643	6	2.3333
capers	2996	2.7643	4	3.75
marble	2998	2.7643	2	7.0
tigers	2995	2.7644	5	4.2
caused	2991	2.765	9	2.5557
tragic	2997	2.765	3	4.6667
adsorb	2987	2.7657	13	2.3077
boated	2978	2.7657	22	3.818
chairs	2993	2.7657	7	1.0
berlin	2991	2.7667	9	2.3333
copies	2995	2.7667	5	6.2
bolted	2993	2.7667	7	3.1427
bonier	2990	2.767	10	2.8
prison	2998	2.767	2	4.0
petrol	2997	2.7673	3	7.0
linear	2991	2.7677	9	2.3333
abuser	2986	2.7677	14	2.5714
debris	2989	2.768	11	3.3636
spinal	2995	2.768	5	1.4
tumors	2997	2.768	3	7.0
argues	2991	2.768	9	2.3333
anodic	2994	2.7683	6	2.3333
aeries	2986	2.7683	14	2.5714
grains	2993	2.7683	7	3.0
adepts	2992	2.7686	8	2.625
priced	2988	2.7687	12	1.9168
brides	2990	2.7687	10	3.8
danger	2986	2.7687	14	2.6429
bolder	2990	2.769	10	0.7
broths	2999	2.7693	1	7.0
honest	2991	2.7704	9	1.5556
ranged	2992	2.7707	8	1.0
brutal	2994	2.7707	6	2.3333
glance	2996	2.7707	4	2.0
faster	2993	2.7707	7	4.0
garden	2995	2.771	5	4.2
casing	2997	2.771	3	4.6667
almond	2991	2.7713	9	3.3333
aspect	2997	2.7713	3	2.6667
bruise	2990	2.7713	10	2.4
travel	2996	2.7716	4	1.75
catkin	2996	2.7717	4	1.75
armpit	2997	2.7717	3	2.3333
string	2996	2.7717	4	5.4997
theirs	2997	2.772	3	2.6667
duties	2989	2.7723	11	1.9091
busted	2987	2.7727	13	2.8462
radius	2994	2.7733	6	2.3333
basher	2983	2.7733	17	3.0001
optics	2999	2.7733	1	7.0
island	2996	2.7733	4	1.75
piston	2994	2.7733	6	1.1667
bilges	2990	2.7733	10	2.1999
romans	2996	2.7737	4	3.5
warned	2990	2.774	10	1.7
bunted	2989	2.774	11	2.8182
bruins	2995	2.774	5	2.0
casket	2993	2.774	7	3.1427
blamed	2987	2.7744	13	2.9231
unable	2995	2.7747	5	3.2
mounts	2998	2.7747	2	3.5
neatly	2996	2.7747	4	3.5
danish	2989	2.775	11	2.8182
chaste	2991	2.775	9	2.4443
brings	2992	2.7753	8	0.875
clause	2991	2.7756	9	4.2222
basing	2995	2.7756	5	3.0
antrum	2994	2.776	6	1.1667
reason	2991	2.776	9	0.7778
ruined	2989	2.7763	11	2.7273
oldest	2997	2.7763	3	2.3333
minors	2999	2.7763	1	7.0
magnet	2996	2.7767	4	3.75
chines	2996	2.777	4	5.25
medals	2999	2.777	1	7.0
banged	2992	2.7771	8	0.875
arched	2987	2.7773	13	2.4615
handle	2990	2.7774	10	1.5
chinas	2997	2.7777	3	5.0
smiled	2995	2.7777	5	1.6
finals	2998	2.7777	2	3.5
carney	2990	2.778	10	1.4
cameos	2995	2.778	5	7.0
social	2996	2.778	4	2.0
ritual	2994	2.778	6	2.3333
posted	2992	2.7783	8	2.625
banish	2990	2.7783	10	1.5
source	2986	2.7783	14	2.1429
throne	2996	2.7787	4	3.75
racing	2997	2.779	3	2.3333
pistol	2998	2.779	2	4.0
dragon	2989	2.779	11	1.9091
timber	2994	2.779	6	3.5
peanut	2991	2.779	9	3.2222
custom	3000	2.7793
blouse	2995	2.7797	5	3.0
bother	2995	2.78	5	1.6
blends	2992	2.78	8	4.625
anthem	2991	2.78	9	3.8889
shared	2992	2.7804	8	1.75
remain	2991	2.7807	9	1.5556
brawns	2996	2.781	4	7.0
cruise	2991	2.781	9	2.5557
cavils	2996	2.781	4	1.75
biomes	2992	2.7813	8	1.875
brakes	2990	2.7813	10	1.4
waters	2998	2.7817	2	3.5
combat	2998	2.7817	2	3.5
acting	2993	2.782	7	3.0
priest	2998	2.782	2	4.0
depart	2996	2.782	4	1.75
basket	2997	2.7823	3	2.3333
angled	2996	2.7827	4	3.5
boring	2997	2.783	3	2.6667
carats	2999	2.783	1	8.0
seldom	2996	2.7837	4	3.5
denial	2987	2.7837	13	0.5385
batiks	2999	2.7837	1	7.0
anklet	2998	2.7837	2	3.5
rounds	2994	2.784	6	2.5
busied	2978	2.784	22	1.5909
oracle	2989	2.784	11	0.6364
metric	2998	2.784	2	3.5
adores	2995	2.7843	5	2.8
brawls	2990	2.7843	10	1.4
chaser	2986	2.7843	14	2.0
prince	2991	2.7846	9	3.6667
deaths	2996	2.7847	4	2.25
hotels	2995	2.7847	5	1.4
autism	2998	2.785	2	7.5
rivals	2990	2.7853	10	2.9
socket	2998	2.7854	2	7.0
absurd	2988	2.7856	12	4.0835
mental	2994	2.7857	6	2.3333
winter	2989	2.7857	11	2.7273
agents	2998	2.786	2	3.5
dreams	2995	2.7863	5	7.4
buried	2989	2.7863	11	1.4545
begins	2996	2.7864	4	3.5
beings	2991	2.7867	9	3.2222
shield	2995	2.7867	5	1.6
softer	2996	2.787	4	3.5
bridge	2991	2.787	9	1.5556
augers	2989	2.787	11	2.7273
ascend	2987	2.7873	13	2.2308
bogies	2989	2.7873	11	1.2727
albums	2995	2.7873	5	3.0
losing	2991	2.7874	9	3.1111
bodice	2984	2.7877	16	1.75
bashed	2986	2.7877	14	1.6429
mobile	2994	2.788	6	2.3333
bigots	2998	2.7883	2	3.5
boreal	2988	2.7883	12	2.6667
chiles	2991	2.7883	9	2.3333
captor	2996	2.7884	4	5.4997
binary	2987	2.789	13	1.7693
signal	2997	2.789	3	2.3333
busier	2991	2.7893	9	0.7778
tracks	2999	2.7893	1	7.0
minute	2992	2.7893	8	1.75
bathed	2989	2.7897	11	1.9091
hunter	2989	2.79	11	3.3636
spread	2995	2.7906	5	1.4
braves	2984	2.791	16	2.4375
burial	2993	2.791	7	2.0
thread	2991	2.791	9	1.5556
cashed	2986	2.7913	14	2.7143
bardic	2991	2.7913	9	1.8889
bundle	2987	2.7913	13	1.6922
badges	2993	2.7916	7	2.0
camper	2987	2.7917	13	1.6922
barony	2988	2.792	12	1.9168
binged	2986	2.792	14	3.357
anvils	2999	2.792	1	7.0
parole	2994	2.7923	6	4.6667
abrupt	2990	2.7923	10	3.0
secret	2991	2.793	9	2.3333
lyrics	2993	2.793	7	2.0
writes	2990	2.793	10	0.8
chains	2993	2.7933	7	3.0
gather	2994	2.7933	6	2.5
barely	2994	2.7933	6	1.5
barked	2986	2.7934	14	4.7854
glands	2998	2.7937	2	3.5
bathos	2992	2.7937	8	2.625
simple	2999	2.794	1	7.0
period	2981	2.7947	19	2.1053
basely	2993	2.795	7	1.1429
amends	2996	2.7953	4	1.75
donate	2993	2.7957	7	2.1429
parish	2995	2.796	5	4.3998
labour	2993	2.796	7	2.0
chapel	2994	2.796	6	4.8333
brainy	2992	2.7963	8	2.625
models	2999	2.7964	1	7.0
amount	2994	2.7967	6	4.6667
chords	2994	2.7967	6	3.5
slower	2992	2.797	8	3.625
cheats	2994	2.797	6	2.3333
carves	2994	2.7973	6	2.5
factor	2997	2.7973	3	4.6667
soviet	2994	2.7973	6	1.1667
signed	2991	2.7973	9	2.5557
person	2998	2.7973	2	7.5
hosted	2985	2.7979	15	3.8667
partly	2998	2.798	2	4.0
tackle	2996	2.798	4	1.75
random	3000	2.7983
copied	2977	2.7984	23	4.0868
cousin	2992	2.7987	8	2.625
double	2990	2.7987	10	4.3998
centre	2993	2.7987	7	2.0
portal	2999	2.7987	1	7.0
braved	2985	2.799	15	3.4669
author	2994	2.799	6	7.0
domain	2985	2.799	15	2.9332
muscle	2998	2.7996	2	7.0
sample	2990	2.7997	10	1.5
market	2997	2.8003	3	2.3333
fruits	2999	2.8003	1	7.0
arouse	2989	2.8003	11	3.1818
beacon	2992	2.8007	8	1.75
garlic	2996	2.8017	4	8.0
usable	2985	2.8017	15	1.0667
obtain	2994	2.8017	6	4.6667
senate	2994	2.802	6	2.6667
betray	2993	2.802	7	5.5714
chorus	2990	2.802	10	2.8
police	2995	2.802	5	3.0
bounce	2984	2.802	16	3.1876
margin	2998	2.802	2	3.5
surely	2991	2.8023	9	1.5556
blonde	2989	2.8023	11	1.9999
shaped	2989	2.8026	11	0.6364
forest	2997	2.8033	3	2.3333
select	2996	2.8033	4	1.75
artful	2997	2.8034	3	7.0
castes	2990	2.8037	10	1.4
badger	2995	2.8037	5	1.4
modern	2993	2.8037	7	3.0
easily	2994	2.804	6	1.1667
banker	2995	2.8043	5	2.8
mostly	2998	2.8043	2	3.5
modest	2998	2.8043	2	7.0
failed	2993	2.8047	7	2.2857
months	2996	2.805	4	1.75
atopic	2997	2.8053	3	4.6667
grapes	2994	2.8057	6	1.3333
traits	2995	2.806	5	2.8
seated	2990	2.806	10	1.4
breath	2993	2.8063	7	2.0
median	2988	2.8064	12	1.75
amours	2998	2.8067	2	3.5
belong	2997	2.8067	3	4.6667
ideals	2998	2.8067	2	3.5
argued	2982	2.8068	18	3.9445
mainly	2997	2.807	3	2.3333
course	2989	2.807	11	2.6364
stupid	2996	2.8073	4	3.75
chased	2985	2.8073	15	3.4669
longer	2997	2.8073	3	7.0
wasted	2992	2.8073	8	2.8751
spider	2994	2.8077	6	2.3333
emails	2998	2.8077	2	3.5
coding	2997	2.808	3	2.3333
bulges	2992	2.808	8	3.0
wanted	2988	2.8083	12	3.5835
bedlam	2988	2.8087	12	1.9168
broken	2992	2.8087	8	2.625
pantry	2999	2.8087	1	8.0
charms	2994	2.809	6	3.6665
catsup	2996	2.809	4	3.5
blinks	2992	2.8093	8	2.7499
berate	2983	2.8093	17	2.4706
canker	2989	2.8093	11	2.6364
barley	2993	2.8097	7	2.0
forces	2991	2.81	9	2.3333
blithe	2988	2.81	12	3.0833
botany	2988	2.81	12	2.9167
golden	2993	2.8103	7	3.0
pastry	2997	2.8103	3	4.6667
tricks	2997	2.8103	3	2.6667
permit	2998	2.8107	2	3.5
chaise	2993	2.811	7	2.0
chosen	2993	2.811	7	3.1427
filter	2998	2.8113	2	7.0
ranked	2989	2.8113	11	1.9091
browns	2997	2.8113	3	2.3333
regain	2991	2.8113	9	0.8889
aspire	2991	2.8113	9	1.5556
ampler	2994	2.8117	6	2.3333
silver	2994	2.812	6	1.6667
audios	2990	2.812	10	2.8
herbal	2996	2.812	4	1.75
breaks	2994	2.812	6	1.3333
beater	2987	2.812	13	2.4615
voters	2997	2.812	3	4.6667
ambled	2995	2.8123	5	3.2
carter	2994	2.8123	6	1.3333
brinks	2989	2.8123	11	2.6364
abduct	2992	2.8123	8	1.875
should	2988	2.8123	12	3.1667
blanks	2997	2.8127	3	2.6667
genius	2993	2.8127	7	1.0
polish	2996	2.8127	4	5.7503
brandy	2987	2.813	13	3.3078
baryon	2993	2.813	7	1.1429
tongue	2992	2.813	8	5.3753
boyars	2986	2.813	14	2.0
gained	2986	2.8133	14	3.0716
animus	2995	2.8133	5	4.3998
albedo	2986	2.8137	14	2.2143
cerium	2995	2.8137	5	3.0
bourne	2983	2.8137	17	2.5881
finest	2999	2.8143	1	7.0
averts	2997	2.8143	3	2.3333
amicus	2992	2.8143	8	3.5
abused	2976	2.8147	24	2.2916
bounty	2989	2.8147	11	2.1818
biceps	2993	2.815	7	4.2857
pencil	2993	2.815	7	4.2857
bugles	2993	2.8157	7	3.1427
spring	2994	2.816	6	2.3333
boucle	2987	2.8163	13	2.9231
artist	2992	2.8163	8	2.625
inches	2996	2.8163	4	3.5
bakers	2989	2.8167	11	3.2727
foster	2997	2.8167	3	4.6667
bawled	2983	2.8167	17	4.2941
amused	2991	2.8167	9	3.4444
column	2995	2.817	5	2.8
submit	2996	2.8173	4	1.75
bourse	2985	2.8173	15	2.3333
induce	2984	2.8174	16	2.1875
talked	2993	2.8176	7	5.4286
inputs	2991	2.8177	9	2.4443
insure	2987	2.818	13	4.4615
anchor	2987	2.818	13	3.3078
holder	2986	2.818	14	1.7143
beaten	2990	2.818	10	1.4
wander	2991	2.818	9	3.4444
editor	2991	2.8183	9	2.3333
atrium	2992	2.8187	8	3.625
carved	2979	2.8187	21	3.7143
barium	2992	2.819	8	1.875
boudin	2993	2.8193	7	4.2857
anemic	2989	2.8197	11	1.9999
gluten	2991	2.82	9	1.5556
lifted	2993	2.8204	7	3.1427
hardly	2992	2.8207	8	0.875
bilked	2986	2.8207	14	2.9286
anomie	2993	2.8207	7	3.0
gospel	2994	2.821	6	2.3333
native	2990	2.821	10	2.8
abound	2982	2.821	18	2.2222
county	2994	2.8213	6	2.3333
rocket	2998	2.8213	2	7.5
acetyl	2994	2.8214	6	3.6665
phones	2992	2.8217	8	0.875
befits	2996	2.8217	4	3.5
intake	2996	2.8217	4	1.75
remind	2994	2.822	6	4.0
studio	2997	2.822	3	4.6667
tokens	2996	2.822	4	3.5
alight	2998	2.8223	2	3.5
faults	2997	2.8223	3	2.6667
varied	2982	2.8226	18	1.1667
arming	2999	2.8227	1	7.0
abhors	2992	2.8227	8	0.875
layers	2995	2.8227	5	6.0
tubing	2988	2.823	12	2.5833
cattle	2992	2.823	8	1.75
aright	2995	2.8236	5	4.2
drinks	2995	2.8237	5	1.4
towers	2996	2.8237	4	3.5
sealed	2991	2.8237	9	1.5556
stroke	2999	2.8237	1	7.0
guitar	2997	2.8237	3	2.3333
towels	2999	2.824	1	7.0
nights	2998	2.824	2	7.0
verbal	2994	2.824	6	2.3333
backer	2982	2.824	18	2.8334
bunker	2982	2.8243	18	4.2222
covers	2997	2.8243	3	8.0
thanks	3000	2.8243
lowest	2995	2.8243	5	2.8
relies	2993	2.8247	7	1.0
dialog	2997	2.825	3	2.3333
devils	2998	2.825	2	3.5
lumber	2993	2.825	7	2.0
blokes	2999	2.825	1	7.0
strive	2993	2.825	7	2.0
canals	2998	2.8253	2	4.0
abates	2986	2.8254	14	4.3571
design	2993	2.8257	7	2.0
advert	2988	2.826	12	4.9167
demons	2992	2.826	8	3.625
ethics	2998	2.8263	2	3.5
boding	2991	2.8263	9	2.5557
stairs	2994	2.8264	6	3.5
biogas	2995	2.8264	5	2.8
balked	2990	2.8267	10	3.3
briefs	2991	2.8267	9	2.3333
guards	2997	2.827	3	2.6667
packet	2992	2.827	8	3.5
bonsai	2993	2.827	7	1.0
relate	2996	2.827	4	1.75
streak	2995	2.8273	5	4.2
rights	2995	2.8273	5	3.0
linked	2992	2.8273	8	2.625
bugler	2987	2.8273	13	0.6154
launch	2995	2.8277	5	3.0
flames	2996	2.828	4	1.75
sodium	2991	2.828	9	1.5556
region	2990	2.8283	10	1.5
strike	2995	2.8283	5	3.2
branch	2993	2.8283	7	2.1429
saying	2994	2.8283	6	1.1667
behold	2988	2.8287	12	2.3333
cavort	2995	2.8287	5	1.4
mother	2997	2.8293	3	2.3333
bravos	2991	2.8293	9	1.5556
ceding	2991	2.8294	9	0.7778
bricks	2994	2.8297	6	4.8333
phrase	2991	2.8297	9	2.3333
virtue	2992	2.83	8	4.5
campus	2998	2.83	2	3.5
waited	2987	2.831	13	3.0
heroin	2993	2.831	7	2.0
alumni	2994	2.8313	6	2.6667
chides	2988	2.8317	12	3.0
bestow	2993	2.832	7	2.0
burlap	2987	2.832	13	1.6154
adrift	2997	2.832	3	7.0
banked	2993	2.8323	7	1.0
forget	2995	2.8323	5	1.4
bicker	2982	2.8323	18	2.4443
saints	2994	2.8324	6	6.1667
budget	2994	2.8324	6	1.3333
ruling	2993	2.8324	7	2.0
lacked	2993	2.833	7	1.1429
impact	2997	2.833	3	5.0
values	2987	2.833	13	2.4615
bedpan	2986	2.833	14	1.5714
aphids	2990	2.833	10	1.4
bowers	2991	2.8333	9	3.1111
rifles	2993	2.8333	7	4.1429
cetane	2995	2.8337	5	4.2
atomic	2996	2.8337	4	1.75
voices	2993	2.8337	7	3.1427
lights	2999	2.834	1	7.0
busing	2996	2.834	4	1.75
symbol	2997	2.834	3	2.3333
careen	2991	2.8343	9	4.0
ballet	2987	2.8343	13	1.1538
urgent	2989	2.8343	11	4.5455
camped	2987	2.8346	13	2.6923
guides	2993	2.8347	7	4.1429
acumen	2987	2.8347	13	3.9232
things	2995	2.8347	5	1.4
arable	2995	2.835	5	3.2
bungle	2994	2.835	6	3.6665
kindle	2995	2.8353	5	4.6002
center	2997	2.8353	3	2.6667
belies	2986	2.8353	14	2.7143
burgle	2989	2.8354	11	0.7273
vector	2992	2.8354	8	1.75
german	2995	2.8356	5	4.3998
crowds	2995	2.8357	5	4.3998
nearly	2988	2.836	12	1.75
import	2998	2.836	2	7.0
altars	2997	2.8363	3	4.6667
played	2988	2.8363	12	2.5
bagmen	2990	2.8364	10	1.4
stayed	2992	2.8364	8	1.125
blimps	2992	2.8364	8	1.875
blower	2988	2.8367	12	2.4167
canner	2990	2.8367	10	1.5
cesium	2995	2.8367	5	3.0
delays	2991	2.837	9	4.0
bright	2994	2.837	6	1.1667
frames	2997	2.837	3	2.6667
apneic	2990	2.837	10	3.7
bemoan	2995	2.8373	5	3.0
campos	2996	2.8373	4	3.5
busily	2995	2.838	5	1.4
nearby	2990	2.838	10	3.6
slowed	2989	2.838	11	1.9091
cities	2993	2.8383	7	1.0
legion	2993	2.8383	7	4.0
argyle	2992	2.8383	8	3.5
active	2995	2.839	5	4.3998
depths	2995	2.839	5	2.8
bushel	2987	2.8393	13	1.6922
forced	2984	2.8393	16	4.3127
called	2991	2.84	9	2.4443
calved	2988	2.84	12	3.75
makers	2993	2.84	7	4.0
purity	2995	2.84	5	4.2
slight	2997	2.8403	3	2.3333
update	2982	2.8403	18	2.8334
gently	2999	2.8403	1	7.0
basins	2986	2.8403	14	2.1429
brayed	2983	2.8406	17	2.1176
burkas	2997	2.8407	3	2.3333
bikers	2996	2.8407	4	1.75
graves	2994	2.841	6	2.5
answer	2986	2.841	14	2.6429
method	2986	2.841	14	2.5714
images	2992	2.8417	8	4.5
berets	2994	2.842	6	1.1667
spoken	2996	2.842	4	1.75
sister	2987	2.8424	13	4.3846
wonder	2989	2.8427	11	3.1818
canopy	2993	2.8427	7	2.1429
cenote	2990	2.8427	10	3.8
walnut	2991	2.8427	9	2.3333
ground	2992	2.8433	8	2.7499
sponge	2999	2.8433	1	7.0
borage	2989	2.8433	11	1.2727
bested	2989	2.8433	11	1.2727
shrink	2993	2.8437	7	2.2857
basils	2990	2.844	10	2.3001
brogue	2994	2.8443	6	2.5
arrest	2998	2.8447	2	8.5
slices	2989	2.8447	11	2.1818
burped	2988	2.845	12	1.1667
blacks	2997	2.845	3	4.6667
folder	2990	2.845	10	2.1
breach	2984	2.845	16	3.1875
namely	2993	2.845	7	3.1427
battle	2994	2.8453	6	1.1667
bluish	2989	2.8453	11	0.6364
during	2993	2.8453	7	4.1429
burley	2987	2.8456	13	2.2308
nicely	2992	2.8456	8	1.75
blanch	2995	2.846	5	3.0
slides	2994	2.846	6	2.3333
titles	2996	2.846	4	5.4997
carboy	2990	2.8463	10	2.3001
locker	2988	2.8464	12	3.0833
billet	2991	2.8467	9	3.3333
resist	2996	2.847	4	3.5
length	2996	2.847	4	3.5
earned	2978	2.847	22	2.5909
fiscal	2998	2.847	2	3.5
barfed	2988	2.8473	12	3.5835
bluesy	2997	2.8473	3	4.6667
solved	2985	2.8474	15	3.8667
blasts	2996	2.8477	4	1.75
chador	2990	2.8477	10	4.9
fibers	2992	2.848	8	4.375
couple	2991	2.848	9	4.0
barter	2992	2.848	8	2.7499
pounds	2989	2.848	11	1.3636
yields	2992	2.848	8	1.75
batter	2987	2.848	13	2.3077
simply	2999	2.8483	1	7.0
bluing	2994	2.8487	6	3.5
bitmap	2993	2.8487	7	1.0
tenure	2991	2.849	9	1.6667
leader	2992	2.849	8	3.625
bleary	2982	2.849	18	2.1111
finale	2993	2.8493	7	2.1429
chrome	2995	2.8493	5	1.6
beyond	2983	2.8496	17	1.2353
bleach	2984	2.8497	16	2.7499
baleen	2993	2.8497	7	3.0
recent	2990	2.85	10	3.7
attics	2996	2.8504	4	3.75
worlds	2994	2.8507	6	1.1667
cinema	2998	2.8507	2	3.5
bodkin	2995	2.851	5	1.4
tonnes	2999	2.851	1	7.0
bulged	2992	2.8513	8	5.25
number	2993	2.8513	7	3.1427
rebels	2991	2.8513	9	3.8889
caliph	2995	2.8513	5	1.4
basked	2997	2.8513	3	5.0
byline	2992	2.8514	8	1.875
player	2988	2.8516	12	3.5835
allots	2998	2.852	2	3.5
format	2997	2.852	3	2.3333
broach	2990	2.852	10	2.4
viable	2989	2.8523	11	2.8182
whites	2993	2.8523	7	4.0
cavern	2994	2.8523	6	2.3333
ageism	2995	2.8523	5	3.0
carrel	2988	2.853	12	2.6667
itself	2998	2.8533	2	7.0
superb	2991	2.8533	9	2.5557
sunset	2992	2.8533	8	1.0
struck	2997	2.8533	3	4.6667
acuity	2992	2.8537	8	2.625
bodily	2988	2.8537	12	3.5
basset	2987	2.8537	13	2.1538
profit	2999	2.854	1	8.0
scales	2993	2.854	7	1.0
toward	2989	2.854	11	2.5455
module	2990	2.854	10	2.1
father	2994	2.854	6	5.1667
basalt	2998	2.854	2	7.0
scroll	2998	2.854	2	3.5
upside	2991	2.8543	9	2.5557
creamy	2992	2.8544	8	0.875
batten	2987	2.8547	13	2.8462
blazes	2991	2.8547	9	4.0
vastly	2996	2.8547	4	3.5
lineup	2983	2.8548	17	1.7647
normal	2997	2.855	3	5.0
tasted	2993	2.855	7	2.0
washer	2995	2.855	5	4.8
chimes	2988	2.855	12	2.4167
ashore	2990	2.8553	10	3.0
beasts	2990	2.8553	10	3.6
layout	2997	2.8553	3	7.0
advent	2987	2.8554	13	1.6922
attire	2993	2.8557	7	3.2859
braked	2989	2.856	11	1.2727
relied	2980	2.856	20	4.1002
timely	2994	2.856	6	2.6667
novels	2995	2.8563	5	4.6002
proves	2994	2.8567	6	3.5
meters	2995	2.857	5	1.4
circle	2992	2.857	8	5.7503
orange	2992	2.8574	8	5.25
atrial	2999	2.8577	1	8.0
carina	2993	2.8577	7	2.0
belter	2991	2.8577	9	1.6667
bowler	2980	2.8587	20	5.0498
angsty	2999	2.8587	1	7.0
nickel	2992	2.8587	8	2.625
sturdy	2997	2.859	3	2.3333
bewail	2991	2.859	9	3.5556
marked	2993	2.8593	7	4.1429
assent	2996	2.8593	4	1.75
advice	2988	2.8593	12	1.25
strict	2995	2.8593	5	1.4
fields	2992	2.8593	8	2.7499
ignore	2980	2.8596	20	3.55
locked	2991	2.8597	9	3.3333
heroic	2993	2.8597	7	1.0
carded	2991	2.8597	9	2.3333
humans	2992	2.8597	8	1.75
bifold	2998	2.86	2	3.5
saving	2998	2.8603	2	7.5
bowels	2996	2.8603	4	1.75
marvel	2989	2.8603	11	2.5455
stains	2995	2.8607	5	1.4
wisdom	2994	2.8607	6	1.1667
canine	2991	2.861	9	1.6667
assert	2994	2.861	6	4.8333
blocks	2998	2.861	2	3.5
rented	2993	2.8613	7	2.1429
aisles	2989	2.8613	11	1.9091
invest	2993	2.8614	7	2.0
pricey	2991	2.8614	9	0.7778
latter	2985	2.8614	15	1.4
busker	2988	2.8614	12	1.75
talent	2994	2.8617	6	2.6667
blotch	2994	2.8617	6	2.5
lounge	2991	2.862	9	0.7778
trendy	2991	2.862	9	4.1111
bipeds	2990	2.8623	10	3.8
thinks	2993	2.8623	7	5.0
pocket	2995	2.8623	5	1.4
bursts	2993	2.8623	7	2.0
blimey	2989	2.8623	11	2.8182
fluids	2997	2.8627	3	4.6667
corner	2995	2.8627	5	1.4
laying	2994	2.8627	6	2.3333
easter	2992	2.863	8	1.75
stones	2995	2.8633	5	1.4
desert	2996	2.8633	4	3.5
bastes	2987	2.8636	13	1.1538
chafes	2991	2.8637	9	2.4443
latest	2997	2.8637	3	4.6667
carers	2994	2.8637	6	1.5
brazen	2986	2.8639	14	1.0
beauty	2988	2.864	12	1.9168
driven	2986	2.864	14	2.0
bready	2985	2.864	15	3.4669
barrel	2989	2.8647	11	3.2727
chalks	2998	2.8647	2	7.0
caller	2984	2.8647	16	2.3125
closes	2996	2.8647	4	1.75
bulked	2981	2.865	19	2.737
bishop	2992	2.865	8	4.5
carder	2979	2.865	21	2.0951
arcane	2989	2.8653	11	1.2727
stores	2995	2.8653	5	1.4
charge	2995	2.8657	5	1.4
labels	2993	2.866	7	3.1427
sewing	2991	2.8663	9	2.3333
botnet	2991	2.8663	9	4.0
roster	2996	2.867	4	1.75
arenas	2994	2.867	6	3.8335
proven	2989	2.8671	11	1.4545
sought	2995	2.8673	5	1.6
antral	2994	2.8673	6	1.1667
shrimp	2999	2.8677	1	7.0
bender	2989	2.8677	11	2.8182
canton	2993	2.868	7	2.0
ampule	2996	2.868	4	5.4997
heater	2993	2.8683	7	2.1429
vendor	2991	2.8683	9	2.4443
dealer	2986	2.8683	14	2.2143
belted	2986	2.8686	14	4.1429
birder	2985	2.8687	15	1.9333
baller	2989	2.8687	11	2.8182
batted	2981	2.8687	19	2.5791
taking	2997	2.8687	3	7.0
sender	2992	2.8687	8	3.625
caress	2991	2.8693	9	2.5557
lovers	2987	2.8694	13	3.9232
rushed	2991	2.8697	9	2.4443
bonnet	2994	2.8697	6	1.1667
taller	2991	2.8697	9	2.3333
unsafe	2989	2.87	11	0.6364
trying	2996	2.8703	4	3.75
afield	2992	2.8707	8	3.5
toxins	2995	2.871	5	4.2
reside	2994	2.871	6	4.8333
humble	2988	2.871	12	2.4167
sooner	2997	2.8713	3	2.3333
resort	2995	2.8717	5	1.4
fusion	2994	2.8717	6	2.3333
curves	2995	2.8717	5	1.4
impose	2995	2.8717	5	1.4
arises	2984	2.8719	16	0.875
wounds	2987	2.872	13	1.6922
airman	2993	2.872	7	2.0
attend	2987	2.872	13	1.8462
treats	2994	2.872	6	2.5
beluga	2995	2.8723	5	1.4
dosage	2989	2.8724	11	1.9091
coming	2993	2.8724	7	1.0
cerise	2990	2.8726	10	1.4
parked	2991	2.8727	9	1.5556
secure	2988	2.873	12	1.8332
laughs	2995	2.873	5	4.3998
trucks	2997	2.8733	3	2.3333
carrot	2990	2.8733	10	3.7
drives	2992	2.8733	8	0.875
guilty	2994	2.8733	6	2.3333
suites	2990	2.8734	10	2.4
trader	2995	2.8737	5	4.9998
barren	2986	2.874	14	2.0714
bowled	2974	2.874	26	2.0001
unpaid	2993	2.874	7	5.2857
filmed	2998	2.8743	2	3.5
joints	2995	2.8743	5	3.0
bucket	2995	2.8743	5	1.6
barbel	2992	2.8743	8	2.125
refund	2991	2.8747	9	2.4443
ablate	2994	2.8749	6	5.8333
biller	2984	2.8752	16	4.4375
avidly	2996	2.8753	4	1.75
videos	2988	2.8754	12	1.1667
toilet	2989	2.8757	11	3.2727
housed	2981	2.8757	19	2.2105
throws	2998	2.8757	2	4.0
plenty	2993	2.876	7	2.0
screen	2995	2.8761	5	1.4
avoids	2991	2.8763	9	1.6667
vanity	2993	2.8766	7	4.1429
groups	2994	2.8767	6	1.1667
colors	2993	2.877	7	2.0
browse	2994	2.877	6	5.1667
cement	2993	2.8776	7	5.0
bunked	2988	2.8776	12	1.3333
litter	2985	2.8777	15	2.3333
candid	2991	2.878	9	3.2222
poured	2988	2.878	12	3.6665
tennis	2994	2.878	6	1.1667
lender	2981	2.8783	19	3.1053
fabric	2992	2.8783	8	1.75
bonked	2990	2.8783	10	3.9
create	2992	2.8783	8	4.375
forums	2995	2.8783	5	5.6
agates	2993	2.8787	7	4.1429
adverb	2976	2.8787	24	3.125
robots	2995	2.8791	5	1.4
arbors	2993	2.8793	7	2.2857
graphs	2995	2.8797	5	1.4
cavity	2989	2.88	11	2.6364
annuls	2996	2.88	4	1.75
ballot	2995	2.88	5	1.4
owners	2989	2.88	11	3.9093
canons	2993	2.8803	7	3.0
cellos	2995	2.8803	5	1.4
steady	2997	2.8806	3	2.3333
blight	2989	2.881	11	1.2727
finger	2995	2.881	5	4.3998
asters	2991	2.881	9	2.4443
income	2991	2.8813	9	4.0
decent	2986	2.8817	14	1.5
pushed	2990	2.8817	10	2.1999
repeat	2994	2.8817	6	2.3333
bisons	2990	2.8817	10	1.4
legacy	2994	2.882	6	4.6667
tender	2993	2.882	7	4.0
behind	2985	2.882	15	1.1333
aerial	2995	2.882	5	3.0
borers	2987	2.882	13	3.9232
alcove	2987	2.8823	13	2.2308
buyers	2982	2.8823	18	2.3333
metres	2997	2.883	3	4.6667
powers	2989	2.883	11	3.1818
hunger	2988	2.883	12	4.2502
ethnic	2990	2.883	10	1.4
carnal	2999	2.8833	1	7.0
entire	2990	2.8836	10	5.0001
deploy	2987	2.8836	13	3.6152
bottle	2994	2.8837	6	2.3333
valued	2985	2.8837	15	2.9332
boasts	2990	2.8837	10	3.0
policy	2993	2.8837	7	1.0
cereus	2994	2.8837	6	3.5
bodega	2987	2.884	13	2.1538
target	2995	2.884	5	3.0
spaces	2988	2.884	12	3.6665
chimed	2991	2.884	9	2.4443
scouts	2996	2.8843	4	3.5
biotin	2989	2.8846	11	3.8182
capful	2996	2.8846	4	2.25
agrees	2997	2.8847	3	2.3333
brazil	2993	2.8847	7	3.0
ceased	2991	2.8847	9	3.1111
chiefs	2994	2.8847	6	1.1667
myriad	2992	2.8853	8	5.25
melted	2992	2.8853	8	2.625
debate	2986	2.8853	14	2.2857
tablet	2990	2.8853	10	2.1999
betide	2986	2.8854	14	3.643
aplomb	2995	2.8857	5	2.8
arsons	2993	2.8857	7	2.0
thrown	2995	2.8857	5	4.2
sensor	2990	2.886	10	4.9
capita	2993	2.886	7	3.2859
drills	2994	2.886	6	5.1667
formed	2989	2.886	11	1.9091
bitten	2989	2.886	11	1.9999
intact	2997	2.8863	3	2.3333
caddis	2995	2.8863	5	2.8
change	2995	2.8867	5	2.8
canned	2989	2.887	11	3.4545
allies	2994	2.887	6	2.3333
friend	2991	2.8871	9	2.3333
cancel	2992	2.8873	8	2.0
arnica	2991	2.8874	9	0.7778
bonito	2997	2.8877	3	5.0
cabals	2997	2.8877	3	3.0
blowed	2986	2.8877	14	2.1429
casual	2993	2.888	7	1.0
sucked	2992	2.888	8	2.8751
cereal	2987	2.888	13	3.4615
balsam	2994	2.888	6	2.5
bouncy	2984	2.8883	16	4.0624
brunch	2991	2.8884	9	3.3333
upload	2988	2.8884	12	4.4164
bowmen	2986	2.8886	14	3.2859
powder	2983	2.8887	17	1.6471
bladed	2985	2.8887	15	3.4669
melody	2994	2.8887	6	3.5
drying	2991	2.8891	9	3.8889
limits	2999	2.8893	1	7.0
blousy	2995	2.8893	5	1.4
atonal	2997	2.8893	3	4.6667
rabbit	2994	2.8893	6	2.6667
attune	2984	2.8894	16	1.4376
bitter	2985	2.8897	15	3.8
banner	2982	2.8897	18	2.1111
switch	2996	2.89	4	1.75
cancer	2985	2.89	15	2.4667
atolls	2998	2.8903	2	3.5
cardia	2991	2.8903	9	1.6667
bossed	2981	2.8906	19	1.5789
alibis	2995	2.8907	5	3.0
genres	2995	2.8907	5	7.2
baying	2992	2.8907	8	1.75
public	2987	2.8907	13	3.0
fairly	2996	2.891	4	5.25
poetry	2994	2.8913	6	1.1667
canard	2984	2.8913	16	1.75
abbots	2994	2.8917	6	1.1667
beanie	2986	2.892	14	3.2859
bettor	2987	2.892	13	2.1538
liable	2994	2.892	6	6.3333
backed	2976	2.8923	24	2.0417
cherub	2991	2.8923	9	2.6667
proved	2992	2.8923	8	0.875
static	2996	2.8923	4	1.75
barred	2977	2.8924	23	2.8694
raises	2996	2.8926	4	5.25
basest	2994	2.8926	6	3.5
asylum	2998	2.893	2	3.5
novice	2987	2.893	13	2.1538
misery	2984	2.893	16	2.25
troops	2998	2.893	2	7.0
balled	2987	2.8933	13	3.2308
scores	2993	2.8933	7	3.4286
storms	2996	2.8937	4	3.5
bovine	2987	2.894	13	2.1538
bhakti	2995	2.894	5	2.8
stands	2993	2.894	7	2.2857
blazer	2989	2.894	11	1.3636
biases	2983	2.8943	17	1.7647
fridge	2993	2.8943	7	2.0
saddle	2993	2.8943	7	2.2857
enable	2992	2.8943	8	2.8751
locals	2996	2.8943	4	3.5
blazed	2989	2.8943	11	1.9091
briars	2995	2.8944	5	1.6
barbie	2986	2.8947	14	1.5
gifted	2991	2.8947	9	4.8887
turtle	2988	2.895	12	3.0
matter	2996	2.895	4	3.5
bantam	2991	2.895	9	3.8889
archly	2997	2.895	3	5.0
alarms	2997	2.895	3	4.6667
unlike	2993	2.8953	7	3.1427
beagle	2987	2.8953	13	3.6152
bloods	2994	2.8953	6	3.6665
easier	2994	2.8953	6	2.5
crying	2996	2.8954	4	5.25
gravel	2999	2.8957	1	7.0
boughs	2996	2.8957	4	3.5
bitchy	2991	2.8957	9	3.8889
beside	2979	2.8957	21	3.2859
button	2986	2.8957	14	4.6427
whilst	2996	2.8957	4	1.75
matrix	2996	2.896	4	3.5
anoint	2991	2.896	9	1.5556
budgie	2991	2.8963	9	2.3333
riders	2989	2.8963	11	3.3636
censer	2991	2.8963	9	2.6667
caught	2994	2.8964	6	2.3333
cashew	2996	2.8966	4	2.0
causes	2995	2.8967	5	1.4
biopsy	2990	2.8967	10	0.7
celebs	2990	2.8967	10	1.4
rescue	2989	2.8967	11	2.5455
buoyed	2983	2.8967	17	2.4706
sports	2999	2.8967	1	7.0
accost	2994	2.897	6	3.6665
chafed	2991	2.897	9	1.8889
whales	2990	2.897	10	3.5
cactus	2992	2.8973	8	3.5
cellar	2996	2.8973	4	3.5
champs	2993	2.8974	7	3.1427
yogurt	2995	2.8977	5	1.4
safely	2993	2.8977	7	1.0
across	2996	2.898	4	5.4997
landed	2991	2.898	9	1.5556
arcade	2982	2.898	18	4.9445
fights	2999	2.898	1	8.0
rather	2987	2.898	13	3.3078
podium	2995	2.8987	5	4.2
unfair	2983	2.8987	17	2.9412
banded	2990	2.899	10	2.4999
shower	2989	2.899	11	3.9998
formal	2998	2.8993	2	7.5
safety	2997	2.8993	3	2.3333
bumper	2988	2.8993	12	3.75
recipe	2987	2.8993	13	3.2308
acinar	2990	2.8993	10	1.5
traded	2995	2.8997	5	2.8
bushed	2983	2.9	17	2.2353
badder	2979	2.9	21	2.8095
bibles	2989	2.9006	11	0.6364
gloves	2998	2.9007	2	3.5
blinis	2991	2.901	9	2.5557
bleeds	2981	2.901	19	1.4737
famous	2997	2.9013	3	2.3333
donors	2990	2.9013	10	2.1999
tucked	2985	2.9017	15	3.5331
asking	2993	2.9019	7	5.0
basics	2989	2.902	11	0.6364
bucked	2978	2.902	22	2.8636
tossed	2990	2.902	10	1.4
extras	2994	2.9023	6	4.8333
accent	2990	2.9023	10	2.1999
batman	2996	2.9027	4	1.75
butter	2984	2.903	16	3.3123
fringe	2994	2.903	6	1.1667
wished	2986	2.903	14	2.5714
healed	2986	2.9033	14	2.5714
busies	2982	2.9033	18	2.7778
walked	2990	2.9036	10	1.6
figure	2988	2.9037	12	1.8332
begets	2992	2.904	8	2.625
curved	2987	2.904	13	1.1538
voting	2992	2.9043	8	3.625
actual	2993	2.9043	7	3.1427
turkey	2997	2.9044	3	7.333
doctor	2989	2.9046	11	2.5455
astral	2999	2.9047	1	8.0
agouti	2992	2.9047	8	2.625
beckon	2991	2.905	9	2.3333
enters	2988	2.905	12	3.5
afresh	2994	2.905	6	1.1667
cutter	2986	2.905	14	1.5
awhile	2985	2.9053	15	1.4666
broods	2992	2.9053	8	1.875
chiasm	2996	2.9057	4	7.25
titled	2988	2.9057	12	2.5833
finely	2991	2.906	9	2.3333
visual	2995	2.906	5	3.0
stated	2985	2.9063	15	1.4
armful	3000	2.9067
kindly	2995	2.9067	5	4.2
wisely	2990	2.9067	10	5.2997
boyish	2990	2.907	10	2.1
caking	2997	2.907	3	2.3333
agency	2993	2.907	7	1.0
addict	2992	2.907	8	1.875
gentle	3000	2.9073
openly	2996	2.9073	4	3.75
dinner	2988	2.9073	12	2.4167
animal	2996	2.9076	4	5.25
canola	2993	2.9076	7	1.0
facing	2996	2.9077	4	1.75
carpal	2994	2.9077	6	5.1667
leaves	2993	2.908	7	2.0
chimps	2998	2.9083	2	7.0
bullet	2985	2.9087	15	4.6668
straps	2996	2.9087	4	5.25
motion	2995	2.9087	5	3.0
larger	2988	2.9087	12	1.8332
thrill	2997	2.909	3	2.3333
picked	2994	2.909	6	7.0
lastly	2998	2.909	2	3.5
manner	2987	2.909	13	3.3845
strips	2997	2.9093	3	2.3333
thrive	2995	2.9093	5	2.8
callus	2993	2.9094	7	5.2857
diesel	2988	2.9097	12	0.5833
dozens	2991	2.91	9	3.1111
shadow	2992	2.91	8	3.75
bonded	2982	2.91	18	2.0556
brazed	2982	2.9101	18	1.4445
patent	2996	2.9103	4	5.7503
eagles	2992	2.9103	8	2.7499
arctic	2998	2.9103	2	3.5
anuses	2981	2.9104	19	1.6842
washed	2987	2.9107	13	1.6922
notify	2997	2.9107	3	2.3333
bought	2991	2.9107	9	0.7778
allied	2987	2.9107	13	3.6152
spices	2992	2.911	8	0.875
lawyer	2992	2.911	8	1.75
booted	2982	2.9111	18	3.6665
archer	2984	2.9113	16	1.8125
python	2992	2.9113	8	2.7499
caiman	2993	2.9113	7	2.0
collar	2992	2.9113	8	0.875
bygone	2990	2.9113	10	2.3001
adapts	2996	2.9114	4	1.75
belfry	2985	2.9114	15	2.0
motors	2997	2.9117	3	2.3333
sounds	2989	2.9117	11	2.5455
teamed	2990	2.9117	10	3.2
aching	2997	2.912	3	7.0
deputy	2984	2.9123	16	3.6875
caving	2998	2.9126	2	7.5
buckle	2984	2.9126	16	2.375
advise	2991	2.9127	9	3.2222
stereo	2997	2.913	3	2.3333
kidney	2980	2.913	20	3.3498
abroad	2988	2.913	12	1.25
sticky	2997	2.913	3	4.6667
arabic	2984	2.9133	16	3.0
humane	2989	2.9133	11	2.5455
statue	2987	2.9133	13	3.5386
bronze	2995	2.9133	5	3.0
wealth	2991	2.9133	9	1.5556
brawny	2992	2.9137	8	2.8751
wolves	2989	2.9137	11	4.5455
cursor	2995	2.914	5	1.6
buttes	2985	2.9142	15	0.5333
movies	2989	2.9146	11	1.9999
bracer	2977	2.9147	23	2.9567
tissue	2993	2.9147	7	1.0
alkyds	2993	2.915	7	2.0
hoping	2988	2.9153	12	2.3333
palace	2982	2.9153	18	3.0555
govern	2995	2.9157	5	1.4
rotate	2996	2.9157	4	1.75
spirit	2995	2.9157	5	4.2
comply	2996	2.916	4	1.75
elders	2985	2.916	15	3.2667
babied	2986	2.9167	14	3.2859
colour	2991	2.9167	9	2.4443
header	2981	2.9167	19	3.0526
bribed	2979	2.9169	21	3.1427
outlet	2988	2.917	12	4.0833
axions	2995	2.917	5	2.8
bakery	2987	2.917	13	2.3077
lesson	2987	2.9173	13	3.2308
gallon	2997	2.9173	3	2.3333
abrade	2987	2.9173	13	2.7692
ladder	2991	2.9173	9	3.4444
recall	2992	2.9173	8	3.625
return	2985	2.9173	15	2.4667
worked	2988	2.9173	12	1.8332
loosen	2993	2.9176	7	2.0
bateau	2982	2.9177	18	4.1111
briers	2982	2.9177	18	1.9444
ambush	2996	2.9177	4	5.4997
typing	2993	2.918	7	4.0
banned	2979	2.918	21	3.9048
breeds	2987	2.918	13	1.7693
babies	2987	2.9181	13	4.9231
punish	2991	2.9183	9	1.7778
bribes	2991	2.9183	9	2.5557
barbed	2983	2.9183	17	3.5294
convey	2989	2.9187	11	2.1818
orders	2987	2.9187	13	3.3078
aboard	2989	2.919	11	1.9999
blooms	2994	2.919	6	2.3333
apples	2993	2.919	7	1.0
nation	2994	2.919	6	1.1667
billed	2984	2.919	16	2.8751
widget	2989	2.9193	11	3.1818
baking	2995	2.9193	5	2.8
tricky	2997	2.9193	3	4.6667
border	2985	2.9193	15	1.4
cooler	2992	2.9193	8	1.875
showed	2993	2.9193	7	3.2859
bogeys	2991	2.9196	9	0.8889
hybrid	2985	2.9197	15	2.6667
faulty	2997	2.9197	3	4.6667
bumped	2983	2.92	17	1.8235
desire	2982	2.92	18	4.1667
shorts	2994	2.92	6	2.3333
family	2996	2.92	4	5.4997
asleep	2999	2.92	1	7.0
abated	2987	2.9201	13	1.3077
aromas	2995	2.9203	5	2.8
unlock	2995	2.9207	5	2.8
burner	2986	2.921	14	3.2859
booths	2999	2.921	1	7.0
bidder	2988	2.921	12	2.4167
birdie	2986	2.921	14	2.7857
flavor	2993	2.9213	7	3.0
rolled	2986	2.9214	14	1.5714
parade	2988	2.9214	12	3.4167
fourth	2998	2.9217	2	7.5
cheapo	2986	2.9217	14	1.5
rooted	2986	2.9217	14	3.0716
tunnel	2990	2.922	10	0.7
caddie	2981	2.922	19	2.3157
beaker	2987	2.9223	13	2.3846
artery	2992	2.9223	8	2.8751
making	2995	2.9223	5	5.6
chesty	2995	2.9223	5	1.4
french	2989	2.9227	11	2.5455
stages	2996	2.923	4	5.25
bidden	2979	2.9233	21	2.7143
abased	2982	2.9233	18	2.389
bougie	2985	2.9233	15	5.0
trophy	2996	2.9233	4	3.5
herein	2989	2.9236	11	3.1818
caftan	2996	2.924	4	3.5
racial	2991	2.924	9	2.5557
theory	2989	2.9243	11	3.4545
warmth	2993	2.9246	7	3.0
paying	2996	2.9247	4	1.75
circus	2995	2.9247	5	1.4
firmly	2994	2.9247	6	3.5
remote	2987	2.9249	13	3.2308
astute	2992	2.925	8	1.875
inform	2995	2.9253	5	1.4
slopes	2992	2.9253	8	1.75
barman	2993	2.9253	7	3.0
asides	2986	2.9257	14	2.1429
canary	2993	2.9257	7	1.0
bionic	2994	2.9257	6	2.8333
heroes	2989	2.926	11	1.9999
either	2992	2.9263	8	3.625
sketch	2997	2.9263	3	2.3333
honors	2994	2.9263	6	3.6665
shirts	2994	2.9263	6	3.5
edible	2987	2.9263	13	3.0
chases	2987	2.9267	13	1.6154
shares	2988	2.9267	12	2.4167
pieces	2988	2.927	12	1.8332
ranger	2990	2.9273	10	2.4999
flawed	2993	2.9277	7	2.0
comedy	2987	2.928	13	1.0769
applet	2997	2.928	3	4.6667
season	2988	2.9284	12	1.8332
canape	2986	2.9287	14	3.1427
bigamy	2996	2.9287	4	1.75
gender	2989	2.9287	11	3.2727
apical	2996	2.929	4	1.75
packed	2981	2.929	19	2.5263
insane	2990	2.9293	10	1.4
airily	2994	2.9293	6	3.5
blazon	2995	2.9296	5	6.0
occurs	2991	2.9297	9	1.5556
beamed	2983	2.9297	17	2.9412
adders	2991	2.9297	9	1.5556
heated	2985	2.93	15	2.5333
analog	2992	2.9303	8	2.625
harbor	2993	2.9303	7	2.0
papers	2992	2.9303	8	2.7499
worthy	2990	2.9306	10	3.6
arbour	2985	2.9307	15	2.0
behalf	2990	2.931	10	3.1
biotic	2995	2.9313	5	4.2
absorb	2989	2.9313	11	3.4545
apneas	2996	2.9316	4	3.75
buying	2989	2.9317	11	1.9999
salary	2995	2.932	5	1.4
shores	2989	2.9323	11	1.9091
bereft	2990	2.9327	10	2.1999
lately	2994	2.933	6	5.0
record	2987	2.933	13	1.6922
citing	2993	2.933	7	2.0
census	2991	2.9333	9	1.7778
boxers	2986	2.9337	14	2.1429
airing	2993	2.934	7	3.2859
causal	2994	2.9343	6	3.5
geared	2989	2.935	11	2.6364
butted	2977	2.9351	23	1.4783
comics	2993	2.9353	7	2.0
bowing	2990	2.9357	10	0.8
amoral	2995	2.936	5	2.8
adages	2994	2.936	6	2.3333
passed	2987	2.9363	13	2.1538
loving	2992	2.9363	8	4.5
badman	2993	2.9363	7	2.0
router	2985	2.9366	15	2.9332
ailing	2994	2.9367	6	3.5
unless	2994	2.9367	6	1.1667
bronco	2997	2.9373	3	2.3333
felony	2988	2.9373	12	2.4167
hourly	2988	2.9376	12	2.9167
auxins	2992	2.9377	8	3.0
bursar	2991	2.9377	9	3.1111
auteur	2992	2.9377	8	1.75
report	2992	2.938	8	2.625
noises	2985	2.938	15	3.0
bolero	2981	2.938	19	1.8947
accept	2989	2.938	11	2.5455
digits	2997	2.9383	3	4.6667
nurses	2988	2.9383	12	3.0
bowman	2991	2.9386	9	2.3333
auburn	2986	2.9387	14	3.2859
seeing	2989	2.9387	11	0.6364
rising	2993	2.939	7	2.2857
widely	2983	2.939	17	3.0001
greens	2995	2.939	5	4.2
adored	2976	2.939	24	2.0834
burble	2985	2.9393	15	0.9333
awoken	2994	2.9393	6	3.6665
knives	2986	2.9393	14	2.0714
please	2994	2.9393	6	1.1667
allure	2986	2.9396	14	2.0714
reduce	2989	2.9397	11	2.5455
rarely	2997	2.9397	3	2.3333
biting	2996	2.9397	4	1.75
banjos	2994	2.9397	6	1.3333
abject	2981	2.94	19	1.8947
beiges	2981	2.94	19	2.3157
billon	2988	2.9403	12	1.1667
syntax	2999	2.9403	1	7.0
loaded	2989	2.9403	11	3.1818
aspens	2994	2.9404	6	2.5
chills	2991	2.9407	9	1.5556
bevels	2992	2.9407	8	2.625
beaked	2984	2.9409	16	0.4375
option	2990	2.941	10	2.9
catnap	2994	2.941	6	4.8333
bleeps	2988	2.9411	12	2.9167
cabbie	2985	2.9413	15	1.4666
airbag	2990	2.9417	10	0.8
square	2984	2.9417	16	2.625
runway	2992	2.9417	8	1.0
anions	2993	2.9417	7	2.0
agreed	2989	2.942	11	1.9091
burros	2990	2.942	10	2.3001
bylaws	2989	2.942	11	2.7273
soccer	2984	2.942	16	0.4375
upward	2989	2.9423	11	2.2726
flight	2995	2.943	5	4.3998
alphas	2996	2.9433	4	3.5
moving	2989	2.9437	11	3.1818
knight	2996	2.9437	4	1.75
burqas	2987	2.9437	13	3.8462
weapon	2982	2.9437	18	3.2778
torque	2990	2.944	10	0.7
ensure	2981	2.944	19	1.5263
cachet	2992	2.944	8	2.0
nausea	2990	2.944	10	1.6
chunks	2992	2.9443	8	3.0
online	2989	2.9444	11	1.3636
caudal	2988	2.9447	12	2.4167
shines	2987	2.9453	13	2.7692
arrows	2995	2.9454	5	7.2
majors	2997	2.9457	3	2.3333
bronzy	2992	2.946	8	3.5
brooms	2997	2.946	3	4.6667
awaits	2994	2.946	6	2.3333
helmet	2992	2.946	8	1.875
volume	2992	2.946	8	1.75
kernel	2992	2.946	8	0.875
accord	2991	2.9463	9	1.6667
horses	2989	2.9464	11	1.2727
assign	2995	2.9466	5	4.2
acetic	2992	2.9467	8	2.125
handed	2981	2.9473	19	1.1578
purely	2989	2.9473	11	1.9091
fierce	2984	2.9477	16	1.75
bootie	2992	2.9477	8	0.875
bussed	2973	2.948	27	3.0001
byword	2983	2.948	17	1.353
pupils	2991	2.9483	9	3.2222
became	2986	2.949	14	2.0
tagged	2990	2.949	10	0.9
nerves	2996	2.9493	4	1.75
throat	2995	2.9493	5	1.4
gotten	2996	2.9493	4	3.75
benign	2992	2.9497	8	1.75
apiece	2988	2.9497	12	3.0
anoxic	2994	2.9501	6	1.1667
avails	2996	2.9503	4	1.75
export	2994	2.9503	6	2.3333
quotes	2992	2.9507	8	1.75
intend	2990	2.9509	10	2.9
resume	2984	2.951	16	3.0625
rumors	2990	2.951	10	1.4
commit	2995	2.951	5	2.8
hungry	2992	2.9513	8	2.625
backup	2995	2.9513	5	1.4
sexual	2989	2.9513	11	2.8182
solely	2988	2.9516	12	1.1667
bagger	2989	2.952	11	2.7273
amuses	2987	2.9523	13	2.7692
potent	2988	2.9523	12	1.8332
apnoea	2992	2.9523	8	2.7499
lethal	2987	2.9523	13	0.5385
sudden	2989	2.9527	11	2.6364
threat	2989	2.953	11	3.9093
bobcat	2993	2.9533	7	1.0
stacks	2997	2.9533	3	2.3333
bongos	2994	2.9533	6	1.1667
trauma	2997	2.9533	3	2.3333
wicked	2985	2.9533	15	4.0
afloat	2994	2.9533	6	3.6665
refine	2993	2.9533	7	3.0
survey	2984	2.9537	16	2.6876
ampere	2985	2.954	15	2.9332
beheld	2976	2.954	24	2.5833
capped	2993	2.954	7	4.5714
writer	2989	2.9543	11	1.9091
aureus	2986	2.9547	14	2.5
aiding	2995	2.9547	5	2.8
abided	2982	2.955	18	2.611
boxier	2988	2.955	12	2.5833
safari	2994	2.955	6	2.3333
grease	2996	2.9553	4	3.75
harder	2984	2.9553	16	3.1876
laptop	2995	2.9553	5	1.4
richer	2987	2.9553	13	1.2308
darker	2991	2.9557	9	4.0
arguer	2983	2.956	17	2.0588
bulled	2976	2.956	24	2.4167
modify	2996	2.9563	4	3.5
celery	2989	2.9563	11	3.9998
missed	2983	2.9563	17	2.5295
hassle	2991	2.9563	9	2.5557
amnion	2989	2.9566	11	0.7273
fought	2995	2.9567	5	2.8
thesis	2992	2.9567	8	3.625
baddie	2987	2.9567	13	2.3846
mighty	3000	2.957
calico	2996	2.9573	4	3.5
temple	2995	2.9573	5	4.2
barker	2987	2.9573	13	2.8462
wallet	2990	2.9573	10	3.2
safest	2995	2.9574	5	4.2
canvas	2993	2.9574	7	4.2857
autumn	2989	2.9577	11	3.2727
chests	2994	2.9577	6	3.5
escape	2987	2.958	13	2.9231
aerate	2988	2.958	12	3.0
having	2987	2.9583	13	1.6922
prizes	2994	2.9584	6	2.3333
adjust	2991	2.9587	9	0.7778
slaves	2987	2.9587	13	3.8462
brooch	2991	2.9593	9	1.5556
joined	2978	2.9593	22	3.0911
simmer	2986	2.9593	14	3.0716
chasse	2985	2.9597	15	1.9333
bauble	2989	2.9597	11	2.7273
series	2990	2.9597	10	2.3001
primer	2988	2.96	12	1.75
allude	2981	2.9603	19	3.2632
accuse	2988	2.9606	12	1.1667
camera	2993	2.9607	7	3.0
pixels	2995	2.9607	5	1.4
beachy	2984	2.961	16	2.5
stitch	2996	2.961	4	1.75
assure	2989	2.961	11	2.8182
belief	2986	2.9613	14	2.6429
abuses	2989	2.9613	11	1.3636
enroll	2995	2.9614	5	1.4
abacus	2994	2.9617	6	2.5
weight	2991	2.962	9	3.2222
angora	2996	2.962	4	1.75
middle	2986	2.962	14	2.5
dollar	2989	2.962	11	2.4545
shades	2983	2.962	17	2.8235
moment	2993	2.9623	7	3.0
bemuse	2988	2.9626	12	3.0
bisque	2980	2.9627	20	3.4002
cohort	2990	2.9627	10	3.7
boxing	2991	2.9633	9	1.5556
ribbon	2993	2.9633	7	1.1429
league	2993	2.9636	7	1.0
stamps	2996	2.9637	4	3.5
murder	2978	2.9637	22	1.9999
avians	2992	2.9637	8	4.625
summon	2994	2.9637	6	3.6665
baldly	2989	2.964	11	3.9093
timing	2994	2.964	6	2.5
flyers	2991	2.964	9	1.5556
phases	2986	2.9643	14	1.0714
chalky	2995	2.9647	5	2.8
behest	2995	2.9647	5	2.8
blurbs	2993	2.965	7	5.2857
legend	2995	2.9653	5	1.4
indoor	2989	2.9653	11	0.6364
casque	2994	2.9657	6	1.1667
summer	2980	2.9657	20	2.85
brushy	2987	2.9663	13	2.7692
waiver	2990	2.9663	10	2.6001
summit	2996	2.9667	4	2.0
areola	2988	2.9669	12	1.1667
clicks	2998	2.967	2	4.5
augurs	2993	2.9673	7	1.0
bodied	2976	2.9673	24	3.3752
sticks	2994	2.9673	6	5.0
append	2979	2.9677	21	1.4762
barque	2980	2.968	20	2.6002
blowup	2985	2.9683	15	1.9333
sphere	2994	2.9683	6	1.1667
employ	2995	2.9683	5	3.0
cheers	2986	2.9686	14	2.0714
equals	2991	2.9686	9	0.8889
adduct	2992	2.9687	8	3.5
bashes	2985	2.969	15	2.4
boxcar	2985	2.969	15	0.9333
served	2990	2.969	10	1.5
brassy	2988	2.9693	12	3.0
assume	2987	2.9693	13	2.3077
vacant	2992	2.9697	8	2.8751
hugely	2994	2.9697	6	3.5
bigger	2982	2.9697	18	2.8334
manage	2989	2.97	11	2.6364
anorak	2994	2.9703	6	2.5
caning	2996	2.9703	4	3.5
regard	2992	2.9703	8	2.7499
juices	2985	2.9706	15	3.0668
poison	2993	2.9707	7	1.0
cosmic	2997	2.971	3	4.6667
settle	2998	2.971	2	3.5
flower	2990	2.971	10	2.1
chance	2988	2.971	12	2.3333
relief	2993	2.971	7	1.0
themes	2992	2.9713	8	4.5
bungee	2984	2.9713	16	1.3125
chicle	2986	2.9716	14	2.0
defeat	2988	2.9717	12	2.9167
cashes	2987	2.9717	13	2.3077
subway	2991	2.972	9	3.2222
object	2984	2.972	16	2.1875
pillar	2987	2.9723	13	2.8462
stocks	2998	2.9724	2	3.5
filled	2986	2.9727	14	2.1429
clever	2993	2.9727	7	3.1427
rotary	2995	2.973	5	1.4
snacks	2991	2.973	9	3.3333
spends	2990	2.973	10	3.3
define	2983	2.973	17	2.1176
smooth	2998	2.9733	2	3.5
scenic	2990	2.9733	10	3.6
axioms	2996	2.974	4	1.75
astray	2996	2.974	4	3.75
favour	2988	2.974	12	4.75
opened	2988	2.974	12	2.3333
sugars	2987	2.9743	13	2.7692
manual	2995	2.9743	5	1.8
feared	2984	2.9743	16	2.9374
riding	2993	2.9743	7	4.0
better	2988	2.9744	12	0.5833
celiac	2993	2.9744	7	2.0
flying	2997	2.9747	3	7.0
styles	2998	2.9747	2	3.5
arrive	2986	2.9747	14	2.3571
overly	2986	2.975	14	1.5714
weighs	2991	2.975	9	2.5557
amtrak	2993	2.9756	7	2.0
pulled	2984	2.9757	16	2.5
bowery	2980	2.9757	20	1.4
boggle	2990	2.9757	10	2.9
repair	2982	2.9757	18	2.0556
alumna	2995	2.976	5	1.4
endure	2989	2.9762	11	3.8182
afraid	2984	2.9766	16	1.8125
noting	2992	2.9767	8	1.75
makeup	2993	2.9767	7	2.0
farmer	2990	2.977	10	2.1
monkey	2991	2.977	9	1.5556
plasma	2998	2.9773	2	3.5
merely	2994	2.978	6	2.5
bunion	2991	2.9783	9	2.5557
apiary	2987	2.9783	13	1.0769
truths	2995	2.9783	5	4.3998
ballsy	2995	2.9783	5	2.8
classy	2990	2.9783	10	1.4
armour	2988	2.9783	12	2.5
photos	2994	2.9787	6	2.3333
ardour	2982	2.9787	18	2.389
floors	2996	2.9787	4	3.5
myself	2996	2.9787	4	1.75
logged	2992	2.979	8	4.5
august	2991	2.979	9	1.6667
adding	2983	2.9797	17	1.4705
aiming	2990	2.98	10	0.7
copper	2988	2.98	12	2.3333
carafe	2993	2.9803	7	4.2857
helped	2991	2.9803	9	1.5556
beggar	2989	2.9803	11	1.9999
bratty	2990	2.9804	10	1.5
prayer	2982	2.9804	18	3.2778
facial	2996	2.9807	4	3.5
mutual	2992	2.981	8	3.5
junior	2989	2.981	11	3.1818
female	2991	2.9814	9	3.1111
alkane	2995	2.9817	5	1.4
become	2986	2.982	14	1.6429
opener	2988	2.982	12	1.25
capper	2992	2.982	8	3.5
carver	2987	2.982	13	4.4615
betake	2993	2.982	7	3.2859
unsure	2984	2.9824	16	1.3125
bomber	2984	2.9824	16	3.625
allows	2998	2.9827	2	7.0
ripped	2990	2.9827	10	2.9
ceases	2976	2.9828	24	2.9167
blocky	2991	2.983	9	1.6667
breech	2975	2.983	25	3.3999
waking	2992	2.983	8	1.75
adipic	2988	2.983	12	3.25
zombie	2995	2.983	5	1.4
clutch	2992	2.9833	8	2.0
boomer	2983	2.9833	17	2.1765
brayer	2977	2.9833	23	3.1304
accrue	2983	2.9833	17	2.3529
growth	2998	2.9833	2	3.5
tuning	2993	2.9837	7	3.4286
averse	2982	2.984	18	4.2222
winner	2989	2.984	11	3.2727
newest	2993	2.984	7	2.1429
calmly	2993	2.9843	7	4.0
burger	2985	2.9843	15	2.4667
basque	2989	2.9843	11	1.2727
anyone	2984	2.9847	16	1.5
hammer	2985	2.9853	15	2.6
treaty	2988	2.9854	12	1.1667
cracks	2996	2.986	4	3.5
booing	2988	2.9864	12	3.75
guests	2996	2.9866	4	3.75
chasms	2996	2.9867	4	1.75
abjure	2975	2.9867	25	2.44
adjoin	2987	2.987	13	2.1538
regime	2995	2.987	5	1.4
enough	2990	2.987	10	2.3001
swords	2995	2.9873	5	3.0
colony	2994	2.9873	6	1.1667
ticket	2991	2.9873	9	1.5556
letter	2984	2.9876	16	1.875
health	2992	2.9883	8	3.625
stakes	2992	2.9887	8	3.5
biding	2987	2.9887	13	2.6923
sights	2996	2.989	4	1.75
aghast	2996	2.9893	4	7.0
snakes	2996	2.9893	4	1.75
dishes	2984	2.9893	16	2.7499
coupon	2988	2.9893	12	3.5835
forgot	2998	2.9894	2	7.0
booger	2986	2.9897	14	1.5714
chided	2981	2.9897	19	1.6842
bumble	2990	2.9897	10	2.1
marker	2994	2.99	6	4.8333
buccal	2986	2.99	14	2.5714
awards	2989	2.9903	11	2.6364
prompt	2999	2.9903	1	7.0
fallen	2993	2.9907	7	2.0
school	2992	2.9907	8	3.5
bimbos	2995	2.991	5	1.4
beetle	2986	2.991	14	1.0714
braver	2976	2.9913	24	2.0834
baggie	2989	2.992	11	1.9091
exotic	2992	2.992	8	3.625
caging	2991	2.9923	9	2.5557
cackle	2991	2.9923	9	1.5556
really	2978	2.9923	22	1.3636
topped	2991	2.9933	9	3.3333
adhere	2984	2.9936	16	2.25
bloody	2983	2.994	17	2.5295
shapes	2990	2.994	10	1.4
fender	2989	2.9943	11	2.6364
alleys	2987	2.9943	13	2.7692
global	2991	2.9943	9	2.4443
origin	2992	2.9947	8	1.75
seller	2989	2.995	11	3.9998
bushes	2986	2.995	14	2.0
inside	2990	2.9953	10	2.1999
fossil	2999	2.9953	1	7.0
avowed	2979	2.9956	21	2.8095
cayman	2997	2.9956	3	2.3333
boomed	2971	2.9956	29	2.2413
scheme	2995	2.996	5	4.2
brevet	2983	2.996	17	1.6471
unused	2983	2.997	17	1.2353
ghosts	2996	2.9973	4	3.5
beware	2982	2.9973	18	2.2222
cervix	2989	2.9973	11	1.9091
before	2980	2.9977	20	2.5501
asthma	2999	2.9977	1	7.0
rivers	2988	2.998	12	2.3333
deadly	2993	2.9983	7	2.0
bulgur	2991	2.999	9	2.4443
frozen	2996	2.9993	4	1.75
beaver	2982	2.9993	18	2.0
fitted	2982	2.9997	18	2.5557
reveal	2990	3.0	10	1.4
brooks	2997	3.0003	3	5.0
verify	2993	3.0003	7	2.0
hiding	2990	3.0003	10	2.1999
splash	2988	3.0003	12	2.3333
anemia	2993	3.001	7	1.0
jacket	2990	3.001	10	2.1
versus	2988	3.001	12	3.0
funnel	2990	3.0013	10	2.1999
defect	2992	3.0014	8	4.625
adduce	2979	3.0023	21	2.9048
damage	2988	3.0027	12	1.75
device	2982	3.0027	18	2.611
bombed	2981	3.003	19	2.3157
events	2995	3.003	5	1.6
warmer	2992	3.0033	8	4.875
system	2990	3.0037	10	2.8
unions	2992	3.004	8	0.875
happen	2989	3.004	11	2.7273
tenant	2990	3.004	10	2.1
charro	2989	3.004	11	1.9999
speech	2992	3.0043	8	2.7499
quoted	2987	3.0044	13	4.0767
arrant	2993	3.0047	7	1.0
pursue	2992	3.005	8	2.8751
hidden	2982	3.005	18	2.389
venues	2975	3.0053	25	2.28
affect	2992	3.0053	8	5.25
broker	2989	3.0057	11	1.9091
annoys	2988	3.006	12	2.5
caveat	2981	3.0063	19	2.6316
attain	2994	3.0063	6	3.6665
purple	2983	3.0067	17	2.8824
filler	2987	3.007	13	1.0769
anyhow	2991	3.008	9	2.3333
utmost	2998	3.008	2	4.0
alloys	2991	3.0087	9	3.2222
thighs	2997	3.009	3	2.3333
former	2992	3.0093	8	2.7499
lonely	2985	3.01	15	2.4
empire	2985	3.0103	15	3.3334
apogee	2992	3.0104	8	2.7499
demand	2984	3.0113	16	2.5
boldly	2986	3.0116	14	2.5
drawer	2988	3.0117	12	2.4167
billow	2988	3.0123	12	3.5835
hockey	2992	3.0123	8	2.625
choose	2991	3.0127	9	1.5556
bopped	2978	3.013	22	3.5455
assail	2994	3.013	6	4.8333
agenda	2986	3.013	14	2.5
cycles	2988	3.0136	12	1.1667
spouse	2987	3.014	13	2.1538
plaque	2986	3.014	14	2.5714
belles	2992	3.014	8	2.625
pledge	2991	3.0143	9	3.8889
wizard	2987	3.0143	13	1.6154
cooker	2987	3.0147	13	2.2308
aflame	2992	3.0147	8	2.8751
barrow	2991	3.0147	9	1.7778
cliffs	2999	3.0147	1	7.0
bureau	2984	3.015	16	1.9375
entity	2995	3.0153	5	3.0
ahimsa	2986	3.0154	14	5.0
bopper	2984	3.0156	16	1.3749
bezels	2990	3.0157	10	2.1
valves	2987	3.0163	13	1.7693
bagged	2981	3.0163	19	2.2105
delete	2983	3.0163	17	1.2353
broody	2985	3.0164	15	2.0
shifts	2997	3.0167	3	2.3333
houses	2983	3.017	17	1.7059
expand	2994	3.017	6	3.6665
bearer	2978	3.0173	22	3.3636
cotton	2987	3.0177	13	1.0769
folded	2990	3.0178	10	0.7
infant	2989	3.0183	11	2.091
hiring	2994	3.0187	6	2.3333
issued	2987	3.0187	13	1.0769
blurry	2994	3.0187	6	1.1667
badged	2977	3.019	23	1.6087
killed	2989	3.0193	11	1.9999
honour	2982	3.02	18	1.8333
guided	2985	3.02	15	2.5333
boogie	2987	3.02	13	1.6154
chatty	2993	3.0203	7	3.4286
street	2993	3.0207	7	1.0
choice	2988	3.021	12	2.4167
ginger	2987	3.021	13	3.7692
yearly	2984	3.0213	16	2.25
bummer	2982	3.0213	18	2.0
caviar	2985	3.0214	15	3.4001
render	2987	3.022	13	3.0
firing	2990	3.0223	10	2.1999
filing	2993	3.023	7	2.0
cheery	2985	3.0232	15	1.9333
armory	2987	3.0233	13	2.8462
seemed	2989	3.0233	11	1.2727
chilly	2990	3.0234	10	0.7
reject	2989	3.0237	11	1.4545
heaven	2987	3.0237	13	3.0769
deeply	2986	3.0243	14	3.1427
blenny	2990	3.0243	10	3.0
killer	2992	3.0246	8	2.7499
salads	2991	3.025	9	3.3333
bedeck	2983	3.0259	17	3.8234
affine	2985	3.026	15	0.9333
caecum	2981	3.0267	19	1.5263
lenses	2986	3.0267	14	1.0714
poorly	2997	3.0267	3	2.3333
starts	2994	3.0267	6	3.5
creepy	2991	3.027	9	3.1111
wooden	2986	3.027	14	3.0716
nobody	2987	3.027	13	3.6152
hereby	2984	3.0273	16	2.1875
tastes	2997	3.0277	3	2.6667
reward	2982	3.0277	18	1.9444
vision	2997	3.0287	3	5.3333
career	2987	3.0293	13	1.3077
remedy	2987	3.0294	13	3.3845
assist	2987	3.0296	13	2.2308
adagio	2992	3.0296	8	1.875
canyon	2983	3.03	17	2.4706
victim	2998	3.03	2	3.5
driver	2979	3.0303	21	2.5237
pretty	2993	3.0307	7	3.1427
denied	2985	3.0307	15	4.8
height	2994	3.0313	6	3.6665
avenue	2991	3.0313	9	4.1111
sharks	2994	3.0317	6	3.6665
narrow	2991	3.0317	9	2.3333
jungle	2992	3.032	8	2.7499
tested	2987	3.0323	13	3.0
liquor	2989	3.0327	11	3.2727
brewed	2986	3.0327	14	2.7857
bagman	2994	3.0327	6	2.3333
medium	2981	3.033	19	2.6843
bogged	2983	3.033	17	3.1764
states	2990	3.0336	10	2.1
wishes	2975	3.0337	25	1.8
spikes	2995	3.0337	5	2.8
floral	2995	3.034	5	3.0
apache	2982	3.035	18	2.8334
rugged	2987	3.035	13	2.1538
cannas	2995	3.0353	5	3.0
besets	2990	3.0354	10	3.6
assets	2992	3.0356	8	1.875
retire	2996	3.0357	4	2.0
judges	2990	3.036	10	0.7
looked	2993	3.0363	7	1.0
gaming	2992	3.0367	8	0.875
busboy	2992	3.0367	8	0.875
suffer	2982	3.0367	18	3.1111
lesser	2986	3.0367	14	2.2143
screws	2988	3.037	12	1.75
aviary	2988	3.0373	12	2.3333
pushes	2985	3.038	15	3.0
bugger	2985	3.0383	15	1.9333
befall	2989	3.0383	11	2.1818
callow	2992	3.0387	8	3.75
aliyah	2991	3.039	9	0.8889
bummed	2978	3.039	22	2.409
skiing	2992	3.0396	8	0.875
apathy	2995	3.04	5	2.8
funded	2980	3.04	20	3.3498
cooked	2986	3.0407	14	3.2859
ageing	2989	3.041	11	1.9091
cannon	2994	3.041	6	3.6665
boosts	2992	3.0413	8	1.875
abbeys	2991	3.0417	9	3.3333
buffet	2976	3.0417	24	1.75
booker	2987	3.0417	13	3.2308
virgin	2994	3.0419	6	2.3333
refuse	2990	3.042	10	2.9
invite	2991	3.042	9	3.8889
slowly	2993	3.042	7	1.0
cookie	2993	3.0423	7	2.0
reform	2998	3.0427	2	8.0
voyage	2985	3.043	15	2.8
memory	2987	3.0433	13	4.5385
avenge	2989	3.0437	11	2.7273
higher	2983	3.0443	17	1.7647
ashram	2995	3.0444	5	4.2
regret	2991	3.0449	9	4.778
bigeye	2987	3.045	13	2.6923
remove	2994	3.0453	6	3.5
basses	2979	3.0456	21	2.1906
budged	2981	3.0457	19	3.4735
boffin	2996	3.0457	4	1.75
afford	2986	3.0457	14	3.7855
arcana	2987	3.0464	13	4.0002
barber	2982	3.047	18	2.4443
tended	2987	3.047	13	2.7692
immune	2985	3.0473	15	1.9333
wiring	2991	3.0473	9	3.5556
rookie	2994	3.0477	6	3.8335
bookie	2992	3.048	8	3.875
cheesy	2985	3.0483	15	2.4
booked	2981	3.0487	19	2.4736
celled	2992	3.0487	8	4.75
annals	2992	3.0487	8	2.625
buyout	2982	3.0493	18	2.6667
finish	2994	3.0493	6	3.5
affirm	2996	3.05	4	3.5
window	2991	3.0517	9	0.7778
humour	2990	3.0527	10	1.4
crisis	2990	3.0527	10	1.4
wheels	2984	3.0527	16	2.625
afghan	2994	3.0527	6	2.5
living	2985	3.0527	15	1.8667
violin	2995	3.0527	5	3.0
taught	2989	3.0527	11	4.0909
detect	2984	3.0533	16	3.8125
divine	2987	3.0534	13	3.4615
effort	2994	3.054	6	3.5
needle	2991	3.0544	9	1.6667
within	2989	3.0544	11	3.9093
burrow	2990	3.0547	10	0.7
bellow	2986	3.0547	14	2.7143
though	2993	3.055	7	5.0
insist	2995	3.0553	5	4.2
thirty	2995	3.0554	5	4.3998
cassia	2988	3.0557	12	2.3333
awning	2994	3.0557	6	2.5
brahma	2993	3.0557	7	2.0
attest	2992	3.0566	8	2.625
biffed	2976	3.0567	24	2.1251
beaded	2981	3.057	19	2.3684
future	2986	3.0573	14	3.0
bended	2971	3.0583	29	3.3791
adware	2971	3.0586	29	1.3103
jumped	2978	3.059	22	1.7273
kicked	2980	3.059	20	3.05
banzai	2991	3.0594	9	1.5556
dumped	2984	3.0597	16	1.5
bugged	2982	3.0603	18	2.389
outfit	2990	3.0603	10	2.1
bluffs	2992	3.0603	8	1.75
cassis	2990	3.0607	10	2.9
reader	2991	3.061	9	3.2222
pillow	2992	3.0613	8	2.625
decide	2982	3.0613	18	2.1111
terror	2989	3.0614	11	3.8182
intent	2983	3.0617	17	2.0588
eighth	2993	3.062	7	4.2857
ballad	2978	3.063	22	2.591
hooked	2989	3.0633	11	2.9091
bosses	2984	3.0634	16	3.1876
ablaze	2990	3.0644	10	1.5
airier	2987	3.0647	13	3.3845
scenes	2980	3.065	20	0.75
bedbug	2980	3.065	20	3.0
losses	2991	3.0653	9	0.8889
catchy	2986	3.0657	14	2.0714
glossy	2996	3.066	4	7.0
seized	2991	3.0664	9	4.0
cabana	2992	3.0666	8	2.8751
notion	2988	3.0667	12	2.4167
cherry	2982	3.067	18	1.7778
agaves	2993	3.0677	7	2.4286
amoeba	2991	3.068	9	2.3333
critic	2991	3.068	9	2.3333
bypass	2993	3.0683	7	2.4286
chevre	2987	3.0696	13	3.8462
stress	2991	3.0697	9	1.5556
masses	2982	3.0699	18	2.0
baffle	2994	3.0707	6	2.3333
weaker	2986	3.0707	14	1.5714
roller	2987	3.071	13	2.7692
offset	2998	3.071	2	7.0
supply	2990	3.0717	10	0.8
badass	2987	3.0717	13	3.4615
chancy	2987	3.0717	13	3.2308
speaks	2992	3.072	8	2.625
biking	2997	3.072	3	4.6667
enjoys	2990	3.0727	10	2.1
wildly	2991	3.0733	9	3.1111
behave	2977	3.0733	23	1.6087
alpaca	2992	3.0737	8	1.75
review	2984	3.075	16	3.0
beeper	2980	3.0754	20	1.95
ending	2994	3.0757	6	4.6667
skinny	2991	3.0757	9	2.3333
always	2991	3.0757	9	0.8889
trusts	2992	3.077	8	2.7499
chicks	2994	3.0773	6	1.1667
sequel	2988	3.0773	12	1.9168
little	2993	3.078	7	2.1429
shoots	2995	3.0783	5	1.4
buffer	2978	3.0783	22	3.3182
groove	2987	3.0783	13	1.7693
augury	2986	3.0783	14	2.5714
sheets	2992	3.079	8	3.625
oxygen	2982	3.0793	18	1.6111
server	2989	3.0797	11	1.9091
status	2992	3.0797	8	2.625
bosons	2987	3.08	13	3.2308
beeped	2975	3.08	25	2.6399
awakes	2993	3.0803	7	1.0
airway	2989	3.0807	11	3.2727
degree	2985	3.0811	15	4.3998
annual	2988	3.0813	12	1.8332
differ	2980	3.0813	20	2.5
likely	2988	3.0813	12	3.5
freely	2992	3.0817	8	0.875
runner	2982	3.0817	18	3.611
chewer	2994	3.0823	6	1.1667
awaked	2986	3.0824	14	1.6429
refuge	2992	3.0827	8	2.625
offers	2987	3.083	13	2.2308
tactic	2995	3.0833	5	1.6
allege	2987	3.084	13	2.2308
merger	2990	3.084	10	2.8
clinic	2994	3.0847	6	2.3333
mirror	2989	3.0853	11	1.2727
worker	2989	3.0859	11	1.9091
valley	2993	3.0873	7	3.0
amazes	2996	3.0897	4	3.75
vacuum	2995	3.09	5	4.2
deeper	2980	3.0923	20	2.95
buffed	2978	3.0923	22	1.6364
angina	2981	3.0932	19	0.4211
acidic	2982	3.0933	18	4.7221
axonal	2996	3.0933	4	1.75
apexes	2988	3.0937	12	0.6667
viewer	2991	3.0946	9	2.4443
useful	2991	3.0949	9	0.7778
babble	2989	3.095	11	1.3636
amazon	2997	3.0953	3	7.333
bottom	2993	3.0953	7	2.1429
office	2988	3.0956	12	1.1667
amazed	2990	3.0963	10	2.8
member	2983	3.097	17	2.6471
cheeks	2987	3.098	13	2.3846
estate	2990	3.098	10	2.1999
bloggy	2991	3.0983	9	2.5557
equity	2990	3.0987	10	1.6
injury	2985	3.0987	15	2.0
severe	2988	3.0987	12	4.2502
aikido	2991	3.099	9	4.8887
diving	2988	3.0993	12	1.1667
passes	2992	3.0993	8	2.7499
awaken	2990	3.0996	10	3.0
armada	2993	3.0997	7	1.0
proper	2988	3.0997	12	4.2502
vessel	2991	3.0997	9	1.5556
owning	2989	3.1003	11	1.2727
depend	2989	3.1006	11	1.9999
zipper	2991	3.1007	9	3.2222
rhythm	2995	3.101	5	2.8
errors	2992	3.101	8	3.625
adzuki	2987	3.1017	13	4.0002
boobie	2975	3.102	25	1.8401
energy	2987	3.1023	13	2.2308
assize	2991	3.1027	9	2.4443
verses	2982	3.1027	18	2.389
exists	2990	3.103	10	3.5
twenty	2990	3.103	10	3.6
cheese	2982	3.1033	18	2.1111
onions	2978	3.1034	22	1.6818
redeem	2983	3.1037	17	1.2941
allays	2991	3.104	9	3.4444
access	2985	3.1041	15	1.4
baboon	2991	3.1053	9	2.5557
decade	2980	3.1053	20	2.3499
edited	2978	3.1063	22	0.6818
speeds	2988	3.107	12	2.5833
checks	2992	3.107	8	1.875
serves	2994	3.1073	6	1.1667
boozer	2980	3.1077	20	2.1999
quartz	2992	3.1077	8	2.625
tomato	2992	3.1077	8	5.3753
zoning	2990	3.108	10	2.9
extend	2990	3.1086	10	0.7
attach	2987	3.1087	13	1.6922
boozed	2979	3.1087	21	2.381
common	2994	3.1087	6	2.3333
avatar	2988	3.1087	12	3.0
busses	2978	3.1089	22	1.9999
hiking	2993	3.109	7	4.2857
addled	2990	3.11	10	1.5
expert	2981	3.1104	19	3.4209
accede	2978	3.111	22	0.6364
axeman	2996	3.112	4	3.75
chewed	2975	3.112	25	3.6398
indeed	2976	3.1123	24	2.4583
sleeve	2983	3.1123	17	2.1176
twelve	2991	3.1126	9	1.5556
headed	2985	3.113	15	2.1333
quests	2993	3.113	7	1.2857
anally	2985	3.1137	15	2.4667
occupy	2984	3.114	16	4.0624
dining	2985	3.1153	15	3.2667
quirky	2985	3.1157	15	2.8
anoxia	2989	3.1167	11	2.7273
lively	2987	3.117	13	3.3845
bunkum	2995	3.1176	5	3.0
avowal	2995	3.1197	5	2.8
expect	2992	3.12	8	4.5
pickup	2989	3.1203	11	3.9998
garage	2986	3.1207	14	4.0714
engine	2979	3.121	21	3.1903
beefed	2977	3.1213	23	3.1739
visits	2993	3.1217	7	3.2859
picnic	2988	3.1223	12	1.1667
begged	2978	3.123	22	1.4545
bobbin	2988	3.1233	12	1.9168
evenly	2986	3.1236	14	3.0
rubber	2979	3.1243	21	1.3333
spells	2992	3.1247	8	2.625
yellow	2985	3.125	15	1.4
velvet	2988	3.125	12	2.5
bubble	2984	3.1256	16	3.3123
bosoms	2990	3.1276	10	1.5
smells	2988	3.128	12	4.0833
bobble	2986	3.1297	14	3.643
fellow	2995	3.1297	5	4.8
addend	2984	3.1297	16	3.6875
lining	2988	3.13	12	3.1667
people	2979	3.1303	21	2.5237
jersey	2986	3.1313	14	2.6429
arrays	2985	3.1324	15	2.4
attack	2992	3.133	8	1.875
wholly	2997	3.133	3	2.3333
excuse	2982	3.1343	18	3.2778
bobbed	2974	3.135	26	2.7692
appeal	2984	3.136	16	2.8751
lovely	2982	3.1363	18	2.8334
output	2987	3.1366	13	1.2308
highly	2990	3.1387	10	2.1999
befell	2985	3.139	15	2.4667
eleven	2987	3.1397	13	4.6154
hazard	2975	3.14	25	1.8
expire	2984	3.1403	16	2.6876
refers	2991	3.1407	9	1.7778
banyan	2987	3.1413	13	2.7692
viewed	2986	3.1413	14	2.5714
breezy	2984	3.142	16	1.3125
abbess	2983	3.1423	17	2.5295
except	2989	3.1426	11	1.3636
lawful	2988	3.1427	12	1.3333
shells	2988	3.1433	12	3.0
abayas	2988	3.1437	12	1.9168
budded	2980	3.144	20	2.8
skills	2993	3.1443	7	4.0
bobber	2984	3.1444	16	1.3749
google	2990	3.1463	10	1.5
aurora	2978	3.1466	22	3.9093
brewer	2976	3.1474	24	3.625
engage	2989	3.1493	11	2.5455
defend	2983	3.1494	17	2.706
potato	2995	3.15	5	1.4
alkali	2992	3.1506	8	0.875
oppose	2988	3.152	12	2.3333
iconic	2989	3.1523	11	2.6364
affair	2986	3.1526	14	1.5
appear	2990	3.1527	10	2.1999
byways	2985	3.154	15	3.0
liquid	2985	3.1546	15	2.5333
galaxy	2994	3.1547	6	1.1667
buzzes	2986	3.155	14	2.1429
mining	2988	3.1573	12	3.0833
bamboo	2990	3.158	10	1.4
exempt	2995	3.1587	5	1.6
issues	2976	3.159	24	2.4167
museum	2986	3.1596	14	3.0
tweets	2992	3.1617	8	1.75
levels	2990	3.163	10	1.4
biggie	2981	3.1656	19	3.8421
mixing	2990	3.1663	10	2.1
caucus	2985	3.1677	15	2.3333
buzzer	2975	3.1687	25	3.3598
puzzle	2987	3.1693	13	2.7692
buzzed	2977	3.1703	23	2.0001
chilli	2982	3.1707	18	2.9443
senses	2990	3.1717	10	3.1
chinch	2989	3.1717	11	4.5455
keeper	2985	3.1766	15	0.4667
popped	2981	3.178	19	1.8421
cheque	2987	3.1797	13	3.9231
prefer	2983	3.1804	17	4.2941
unique	2975	3.1827	25	3.24
expose	2988	3.1833	12	2.6667
cheeky	2986	3.1853	14	2.5
bikini	2979	3.1883	21	3.0
borrow	2981	3.189	19	1.5263
dubbed	2961	3.1894	39	2.5385
weekly	2988	3.19	12	2.3333
uneven	2976	3.1936	24	2.7083
luxury	2992	3.194	8	0.875
arroyo	2991	3.1947	9	1.6667
squash	2983	3.1967	17	3.4118
emerge	2991	3.1993	9	2.3333
church	2984	3.1997	16	2.3125
essays	2986	3.2017	14	1.5714
effect	2990	3.2037	10	1.4
bubbly	2987	3.2086	13	2.9231
enzyme	2990	3.209	10	2.1999
blobby	2984	3.2096	16	2.3125
judged	2979	3.2103	21	2.8571
ataxia	2986	3.212	14	1.0714
coffee	2985	3.2133	15	3.3334
allele	2985	3.2146	15	1.4666
azalea	2990	3.2173	10	2.9
needed	2975	3.218	25	3.2001
axilla	2990	3.219	10	1.4
breeze	2986	3.2192	14	0.5
atlatl	2989	3.2196	11	3.2727
bazaar	2982	3.2207	18	2.7222
giving	2987	3.224	13	1.8462
hollow	2989	3.2267	11	3.2727
fixing	2985	3.2286	15	3.4001
divide	2976	3.2287	24	1.875
tattoo	2985	3.2296	15	1.9333
acacia	2981	3.2303	19	3.5792
evolve	2986	3.2367	14	2.5
bonbon	2987	3.2383	13	3.0
arrear	2982	3.2407	18	2.5557
extent	2989	3.2433	11	1.2727
banana	2983	3.2507	17	3.1175
bedded	2974	3.253	26	2.0383
appall	2988	3.256	12	3.0833
affray	2986	3.2596	14	3.643
bigwig	2986	3.26	14	2.1429
assess	2976	3.263	24	1.9168
follow	2987	3.2693	13	3.8462
deemed	2977	3.2694	23	2.174
bonobo	2987	3.2853	13	3.1538
anyway	2976	3.289	24	1.875
pepper	2976	3.289	24	3.0
excess	2985	3.289	15	2.0667
exceed	2971	3.2897	29	2.9657
horror	2984	3.294	16	3.8125
inning	2991	3.2967	9	2.3333
freeze	2986	3.304	14	3.1427
assays	2988	3.3107	12	1.1667
fluffy	2988	3.3193	12	2.3333
baobab	2986	3.3227	14	2.2143
boohoo	2982	3.356	18	2.0
booboo	2979	3.438	21	3.0951
