rate	2476	4.1884	524	2.4656
sera	2515	4.2026	485	2.4597
port	2562	4.2048	438	2.557
eras	2444	4.2097	556	2.8057
rent	2545	4.2145	455	2.6218
ties	2481	4.2147	519	2.8477
deal	2492	4.2149	508	2.7066
tron	2563	4.2157	437	2.6612
tins	2538	4.2163	462	2.6279
airs	2411	4.2167	589	2.769
seta	2510	4.2188	490	2.3144
sloe	2484	4.2199	516	2.655
ores	2443	4.2199	557	2.4094
alto	2453	4.2202	547	2.4462
leas	2440	4.2202	560	2.7123
rots	2541	4.2204	459	2.6601
rapt	2615	4.2221	385	2.4779
malt	2535	4.2258	465	2.3247
mole	2496	4.226	504	2.6728
slap	2563	4.227	437	2.8375
pens	2525	4.2273	475	2.4483
rute	2434	4.2276	566	2.4241
pats	2550	4.2297	450	2.4778
read	2491	4.2297	509	2.7092
nets	2519	4.2297	481	2.3554
lint	2546	4.2298	454	2.9319
tens	2500	4.2301	500	2.436
pros	2543	4.2307	457	2.5623
tire	2490	4.231	510	2.5315
tern	2551	4.2313	449	2.5881
lips	2506	4.2315	494	2.7146
leap	2524	4.2315	476	2.6134
darn	2553	4.2327	447	2.7336
oral	2450	4.2337	550	2.8183
lens	2503	4.2337	497	2.4086
tear	2454	4.2347	546	2.6173
silt	2560	4.2349	440	2.4523
slip	2545	4.2349	455	2.3054
earl	2496	4.2359	504	2.3015
plot	2611	4.236	389	2.5117
rime	2493	4.2362	507	2.3729
ilea	2380	4.2366	620	2.5353
lops	2530	4.2366	470	2.5575
tale	2522	4.2371	478	2.6759
ream	2468	4.2373	532	2.4287
seat	2446	4.2377	554	2.601
sail	2439	4.2378	561	2.8093
slat	2555	4.2379	445	2.5865
tarp	2582	4.2379	418	2.4785
lept	2607	4.2386	393	2.3334
reap	2500	4.2392	500	2.5499
terp	2606	4.2396	394	2.7435
teal	2507	4.2397	493	2.4849
lean	2480	4.24	520	2.6826
lets	2535	4.2403	465	2.755
lead	2497	4.2407	503	2.696
pelt	2630	4.2412	370	2.3296
ires	2438	4.2414	562	2.8593
tars	2527	4.2417	473	2.78
sort	2536	4.2419	464	2.6877
dean	2489	4.2419	511	2.7125
arts	2478	4.242	522	2.6263
slur	2516	4.242	484	2.5498
tans	2504	4.2427	496	2.9517
tons	2468	4.2428	532	2.8216
past	2589	4.2429	411	2.8005
note	2447	4.2431	553	2.8009
deli	2500	4.2433	500	2.7339
mils	2501	4.2437	499	2.4989
loan	2438	4.2437	562	2.7029
lime	2497	4.2437	503	2.688
ones	2422	4.2444	578	2.5536
rant	2534	4.2445	466	2.7296
noel	2456	4.2447	544	2.8345
ares	2457	4.245	543	2.4584
rule	2467	4.245	533	2.7692
albs	2488	4.2452	512	2.2892
rope	2496	4.2453	504	2.385
sole	2491	4.2455	509	2.6246
tend	2576	4.2455	424	2.6698
pale	2544	4.2457	456	2.5286
rind	2555	4.2458	445	2.5416
hers	2514	4.2459	486	2.5348
slop	2603	4.2462	397	3.1135
beds	2530	4.2469	470	2.3659
role	2442	4.247	558	2.3943
trap	2601	4.2473	399	2.5312
roes	2473	4.2474	527	2.685
redo	2428	4.2479	572	2.6205
plan	2597	4.2481	403	2.7567
dirt	2601	4.2481	399	2.346
blat	2615	4.2484	385	2.5273
slum	2498	4.2489	502	2.7112
pert	2578	4.2494	422	2.2203
ante	2472	4.2494	528	2.4904
seal	2469	4.2494	531	2.4163
rest	2560	4.2495	440	2.6887
lute	2497	4.2495	503	2.5406
pest	2570	4.2495	430	2.7208
real	2482	4.2498	518	2.7799
pate	2482	4.25	518	2.5425
ynal	2545	4.2504	455	2.7604
rats	2493	4.2505	507	2.7476
rote	2463	4.2506	537	2.609
lest	2591	4.2508	409	2.3767
taps	2558	4.2511	442	2.7422
list	2568	4.2516	432	2.9284
lier	2473	4.2516	527	2.5978
tile	2532	4.252	468	2.5918
rode	2445	4.2522	555	2.4883
palm	2567	4.2524	433	2.5842
spar	2573	4.2526	427	2.4426
dose	2464	4.253	536	2.5617
lore	2457	4.2531	543	2.5286
sent	2559	4.2532	441	2.356
pals	2549	4.2532	451	2.6763
earn	2474	4.2535	526	2.4887
mile	2506	4.2536	494	2.8847
lots	2510	4.2536	490	2.5734
true	2483	4.2539	517	2.5706
blot	2567	4.2539	433	2.404
snot	2535	4.2541	465	2.6839
bole	2463	4.2541	537	2.609
slit	2523	4.2542	477	2.8198
dare	2499	4.2545	501	2.4312
newt	2599	4.2549	401	2.7508
yare	2450	4.255	550	2.4783
weld	2600	4.255	400	2.6275
acre	2482	4.2557	518	2.7202
peat	2548	4.2558	452	2.2655
dens	2504	4.256	496	2.6027
lear	2469	4.2561	531	2.7437
liar	2463	4.2563	537	2.6313
lied	2491	4.2568	509	2.5244
meal	2529	4.2572	471	2.7155
pile	2537	4.2574	463	2.6372
peal	2508	4.2574	492	2.6097
molt	2575	4.2576	425	2.3999
dote	2480	4.2576	520	2.5366
nerd	2569	4.2582	431	2.4619
lord	2528	4.2583	472	2.7607
arid	2478	4.2584	522	2.5383
mars	2559	4.2585	441	2.6644
dorm	2539	4.2587	461	2.7809
dial	2477	4.2588	523	2.6576
omen	2489	4.2592	511	2.5889
care	2495	4.2592	505	2.7089
part	2570	4.2593	430	2.4952
item	2548	4.2593	452	2.8143
sale	2458	4.2594	542	2.9115
eros	2452	4.2596	548	2.7446
plod	2623	4.2597	377	2.451
lose	2404	4.2597	596	2.668
heal	2516	4.2599	484	2.6548
dope	2536	4.26	464	2.5885
span	2527	4.2601	473	2.8034
laps	2540	4.2603	460	2.3804
opal	2531	4.2607	469	2.7058
celt	2556	4.2608	444	2.6081
drop	2577	4.2608	423	2.4634
reds	2526	4.2608	474	2.2932
told	2567	4.261	433	2.5634
last	2530	4.261	470	2.6682
dues	2433	4.261	567	2.552
melt	2611	4.261	389	2.5759
done	2419	4.2611	581	2.525
lite	2513	4.2613	487	2.803
date	2491	4.2613	509	2.381
enol	2510	4.2616	490	2.6387
repo	2471	4.2617	529	2.5143
gels	2527	4.2621	473	2.5307
neat	2488	4.2622	512	2.5372
rasp	2563	4.2622	437	2.6315
nest	2551	4.2623	449	2.844
mule	2522	4.2625	478	2.387
trip	2571	4.2627	429	2.3264
ales	2458	4.2629	542	2.6125
alps	2544	4.2631	456	2.5439
poet	2530	4.2634	470	2.502
yeld	2566	4.2637	434	2.4378
rile	2484	4.2638	516	2.7017
lame	2534	4.264	466	2.6651
rune	2463	4.2645	537	2.596
tare	2517	4.2647	483	2.6087
pars	2553	4.2649	447	2.8906
opts	2520	4.265	480	2.579
rose	2406	4.265	594	2.4327
snit	2512	4.2651	488	2.5593
duel	2492	4.2651	508	2.8092
tone	2474	4.2651	526	2.4885
maps	2567	4.2652	433	2.753
pare	2478	4.2652	522	2.3985
nils	2458	4.2657	542	2.5867
rues	2389	4.2659	611	2.7086
calm	2546	4.2659	454	2.555
dons	2510	4.2661	490	2.9142
slam	2530	4.2662	470	2.4639
etas	2431	4.2667	569	2.5871
rods	2488	4.2668	512	2.3848
clap	2561	4.2668	439	2.8679
pose	2503	4.267	497	2.4448
rape	2514	4.2673	486	2.461
lyre	2545	4.2674	455	2.5517
meld	2595	4.2675	405	2.7161
rubs	2501	4.2675	499	2.5492
lire	2492	4.2677	508	2.6141
hoes	2461	4.268	539	2.9944
dire	2482	4.2682	518	2.751
pore	2496	4.2683	504	2.4505
slot	2558	4.2686	442	2.4999
sled	2586	4.2686	414	2.4974
eats	2466	4.2688	534	2.9288
oars	2412	4.2689	588	2.5748
raps	2529	4.2689	471	2.6625
dims	2517	4.2693	483	2.3935
stem	2565	4.2694	435	2.5424
neap	2488	4.2698	512	2.6386
most	2513	4.2698	487	2.6078
sure	2458	4.2699	542	2.8357
bets	2542	4.2699	458	2.6836
aloe	2418	4.27	582	2.7252
left	2566	4.27	434	2.6429
diet	2487	4.2705	513	2.6843
roan	2450	4.2713	550	2.6472
tyro	2545	4.2714	455	2.455
pier	2516	4.2714	484	2.5331
tail	2513	4.2714	487	2.7349
silo	2471	4.2715	529	2.9263
nits	2522	4.2715	478	2.2426
pail	2492	4.2716	508	2.4765
doer	2470	4.2716	530	2.9039
legs	2547	4.2718	453	2.8144
pend	2586	4.2718	414	2.5967
hens	2498	4.2718	502	2.6655
lost	2543	4.2719	457	2.4047
nope	2455	4.272	545	2.6513
aunt	2482	4.272	518	2.7799
derm	2566	4.2722	434	2.6752
gals	2525	4.2724	475	2.6253
riel	2494	4.2726	506	2.6047
yore	2467	4.2727	533	2.563
tier	2527	4.2727	473	2.4505
sate	2482	4.2727	518	2.6449
node	2474	4.273	526	2.7511
mart	2593	4.2731	407	2.5626
mold	2581	4.2731	419	2.5106
cars	2492	4.2733	508	2.4962
pint	2575	4.2734	425	2.3224
pots	2523	4.2736	477	2.434
bred	2582	4.2737	418	2.4354
cats	2503	4.274	497	2.7022
silk	2451	4.2741	549	2.501
pole	2500	4.2742	500	2.6901
spot	2579	4.2743	421	2.5581
salt	2564	4.2743	436	2.5642
dors	2490	4.2744	510	2.9077
leus	2433	4.2744	567	2.9381
leks	2474	4.2745	526	2.4563
paid	2528	4.2746	472	2.8623
tine	2517	4.2747	483	2.6376
torn	2534	4.2748	466	2.5901
gale	2463	4.2748	537	2.4434
nape	2542	4.2749	458	2.7162
aril	2438	4.2756	562	2.7668
lamp	2673	4.2757	327	2.5167
snap	2567	4.2758	433	2.4641
sone	2429	4.2759	571	2.5395
ears	2456	4.2759	544	2.6821
dole	2485	4.2763	515	2.6137
tore	2487	4.2764	513	2.6081
idle	2526	4.2764	474	2.5126
rise	2462	4.2765	538	2.8177
lags	2507	4.2765	493	2.4524
norm	2537	4.2766	463	2.6178
alms	2518	4.2767	482	2.6597
wear	2452	4.2768	548	2.6862
tape	2511	4.2768	489	2.2657
lids	2500	4.277	500	2.6718
meat	2521	4.2771	479	2.6348
hint	2502	4.2771	498	2.5583
slay	2496	4.2772	504	2.7897
fret	2586	4.2774	414	2.3261
taro	2522	4.2776	478	2.3765
flue	2435	4.2777	565	2.4744
romp	2517	4.2778	483	2.3851
knit	2526	4.2781	474	2.7216
tarn	2546	4.2783	454	2.2951
pans	2517	4.2783	483	2.6647
geld	2584	4.2783	416	2.3558
post	2549	4.2783	451	2.5744
tame	2539	4.2783	461	2.6312
lies	2470	4.2783	530	2.5943
demo	2481	4.2784	519	2.7073
rite	2476	4.2784	524	2.4409
dine	2496	4.2785	504	2.7639
rein	2456	4.2786	544	2.4227
send	2548	4.2787	452	2.4801
lend	2546	4.2787	454	2.7688
ripe	2493	4.2789	507	2.6806
iron	2432	4.279	568	2.5845
mode	2492	4.279	508	2.8012
drey	2521	4.2792	479	2.7619
pork	2550	4.2793	450	2.6178
aper	2537	4.2795	463	2.4838
plus	2559	4.2795	441	2.508
dork	2423	4.2799	577	2.5736
lugs	2493	4.2801	507	2.8246
bats	2561	4.2802	439	2.5581
toes	2421	4.2802	579	2.6323
rand	2566	4.2804	434	2.719
smut	2531	4.2805	469	2.7805
cole	2429	4.2805	571	2.5235
dent	2577	4.2807	423	2.2908
pant	2573	4.2807	427	2.5525
moat	2523	4.2809	477	2.5701
nips	2544	4.2809	456	2.8048
mats	2567	4.281	433	2.9075
rial	2400	4.2811	600	2.35
pony	2499	4.2812	501	2.3534
lone	2481	4.2813	519	2.6492
tome	2499	4.2813	501	2.515
sold	2561	4.2813	439	2.638
sear	2464	4.2814	536	2.5447
bits	2530	4.2816	470	2.3533
open	2511	4.2816	489	2.5645
load	2487	4.282	513	2.5768
fore	2485	4.282	515	2.6952
suet	2420	4.2821	580	2.7845
ants	2511	4.2824	489	2.4743
side	2452	4.2825	548	2.3685
year	2459	4.2826	541	2.4955
oats	2437	4.2829	563	2.3765
pets	2513	4.283	487	2.6077
leak	2417	4.2831	583	2.8201
land	2556	4.2831	444	2.4054
trod	2586	4.2832	414	2.2464
pins	2491	4.2833	509	2.6915
lard	2553	4.2834	447	2.4697
turn	2552	4.2834	448	2.4016
lady	2503	4.2835	497	2.7567
dolt	2529	4.2836	471	2.4882
beta	2505	4.2838	495	2.4201
nuts	2478	4.2838	522	2.6781
spat	2517	4.2839	483	2.5776
shot	2542	4.2845	458	2.6221
mast	2520	4.2845	480	2.6626
gins	2514	4.2848	486	2.6666
core	2457	4.2848	543	2.534
refs	2449	4.2848	551	2.813
brad	2565	4.2849	435	2.8898
teas	2521	4.2849	479	2.6721
lien	2446	4.285	554	2.5613
tips	2576	4.2852	424	2.5377
road	2445	4.2852	555	2.6325
term	2565	4.2852	435	2.5493
hems	2511	4.2853	489	2.6542
deil	2506	4.2853	494	2.8462
dime	2501	4.2853	499	2.6452
rain	2490	4.2855	510	2.6391
fled	2575	4.2857	425	2.7319
puts	2556	4.2858	444	2.4391
prey	2579	4.2859	421	2.4253
drip	2582	4.286	418	2.5167
stir	2541	4.286	459	2.4859
slid	2531	4.2862	469	2.4264
mist	2507	4.2863	493	2.6286
lope	2516	4.2863	484	2.7438
marl	2553	4.2863	447	2.6107
rend	2536	4.2864	464	2.5776
labs	2510	4.2865	490	2.5877
runt	2511	4.2866	489	2.7402
gold	2563	4.2867	437	2.6406
bent	2547	4.2867	453	2.5166
sire	2472	4.2868	528	2.642
rams	2499	4.2872	501	2.4829
yelp	2580	4.2873	420	2.7429
cute	2455	4.2873	545	2.4422
serf	2543	4.2874	457	2.7613
naut	2465	4.2875	535	2.7083
glut	2544	4.2875	456	2.2762
flan	2536	4.2875	464	2.8471
weds	2520	4.2876	480	2.5334
naps	2526	4.2877	474	2.3904
isle	2434	4.2877	566	2.7281
dart	2576	4.2878	424	2.6745
wons	2467	4.2879	533	2.6659
hero	2479	4.288	521	2.4915
sand	2552	4.2881	448	2.5959
ride	2496	4.2882	504	2.4861
logs	2477	4.2883	523	2.5239
soap	2486	4.2883	514	2.6498
once	2415	4.2884	585	2.7009
cost	2502	4.2887	498	2.7389
coat	2429	4.2888	571	2.8685
rout	2410	4.2888	590	2.539
path	2565	4.2888	435	2.6875
brat	2554	4.2889	446	2.807
bald	2566	4.289	434	2.6244
idol	2491	4.2891	509	2.6542
perm	2588	4.2891	412	2.4539
dies	2456	4.2892	544	2.5256
fate	2471	4.2892	529	2.7107
felt	2584	4.2894	416	2.5913
toed	2503	4.2895	497	2.5372
resh	2522	4.2895	478	2.5211
bled	2574	4.2898	426	2.6855
nods	2499	4.2898	501	2.2135
bean	2501	4.2898	499	2.5211
rust	2542	4.29	458	2.3384
lent	2621	4.29	379	2.4222
type	2567	4.29	433	2.4944
laws	2479	4.29	521	2.7545
tune	2507	4.2901	493	2.4259
lode	2488	4.2901	512	2.7148
pent	2590	4.2903	410	2.2146
step	2575	4.2903	425	2.5787
dyes	2453	4.2904	547	2.7585
sari	2426	4.2905	574	2.7161
wets	2512	4.2906	488	2.6436
tuna	2472	4.2906	528	2.7198
shop	2537	4.2906	463	2.6501
rhos	2518	4.2907	482	2.61
peas	2526	4.2909	474	2.996
near	2489	4.2909	511	2.8201
film	2566	4.291	434	2.3872
pits	2546	4.2911	454	2.8878
urns	2450	4.2911	550	2.7237
kilt	2552	4.2911	448	2.6807
wart	2532	4.2912	468	2.8804
luge	2488	4.2912	512	2.8087
stop	2580	4.2913	420	2.4216
lace	2479	4.2913	521	2.4877
rage	2473	4.2914	527	2.3851
nose	2426	4.2914	574	2.7509
soda	2449	4.2914	551	2.6025
rued	2448	4.2915	552	2.683
east	2483	4.2915	517	2.5435
mail	2508	4.2916	492	2.8537
hats	2478	4.2917	522	2.7128
rice	2453	4.2918	547	2.3619
clot	2535	4.2918	465	2.6538
cart	2564	4.2918	436	2.429
pear	2521	4.2922	479	2.5761
dome	2498	4.2922	502	2.5139
snip	2544	4.2922	456	2.965
rung	2480	4.2924	520	2.7712
wore	2423	4.2924	577	2.8716
mean	2497	4.2925	503	2.4393
pled	2599	4.2925	401	2.7131
perk	2556	4.2926	444	2.4571
lane	2421	4.2926	579	2.4577
cant	2502	4.2926	498	2.5542
shut	2521	4.2926	479	2.6952
self	2517	4.2926	483	2.6086
anus	2388	4.2927	612	2.8629
riot	2452	4.2927	548	2.6607
dots	2514	4.2927	486	2.3806
sine	2476	4.2928	524	2.5402
them	2587	4.293	413	2.3923
glad	2574	4.293	426	2.5539
rake	2458	4.2932	542	2.3837
guts	2491	4.2932	509	2.7584
apes	2504	4.2933	496	2.4376
owls	2480	4.2933	520	2.7192
raid	2507	4.2934	493	2.6612
lewd	2575	4.2937	425	2.6305
glue	2473	4.2937	527	2.5599
mute	2478	4.2938	522	2.7185
this	2490	4.2939	510	2.6569
dews	2510	4.294	490	2.5878
hear	2468	4.294	532	2.5603
ulna	2441	4.294	559	2.5546
clop	2566	4.294	434	2.5876
snog	2531	4.2941	469	2.9127
hoer	2462	4.2942	538	2.5149
soar	2447	4.2942	553	2.6346
pion	2498	4.2942	502	2.8069
lira	2480	4.2943	520	2.6788
rims	2520	4.2943	480	2.6895
does	2454	4.2943	546	2.4028
taco	2448	4.2944	552	2.5579
deny	2533	4.2944	467	2.5587
awns	2479	4.2945	521	2.6566
glen	2512	4.2945	488	2.3585
dams	2566	4.2945	434	2.4009
star	2540	4.2947	460	2.6912
flea	2442	4.2947	558	2.4714
ails	2437	4.2947	563	2.7212
ward	2523	4.2948	477	2.4884
team	2520	4.2949	480	2.4459
goat	2438	4.2949	562	2.6033
lair	2460	4.295	540	2.5111
clip	2548	4.295	452	2.9647
mare	2513	4.2953	487	2.3572
band	2562	4.2954	438	2.2489
plea	2509	4.2954	491	2.6396
loam	2480	4.2954	520	2.6423
punt	2570	4.2957	430	2.5116
nays	2474	4.2958	526	2.536
page	2510	4.2959	490	2.3366
grit	2513	4.2959	487	2.4599
raft	2545	4.296	455	2.5583
bots	2518	4.2961	482	2.4626
sard	2522	4.2961	478	2.6862
trio	2463	4.2961	537	2.5812
slim	2542	4.2963	458	2.3864
prod	2596	4.2964	404	2.5543
fans	2459	4.2964	541	2.7543
gent	2489	4.2964	511	2.3678
unit	2455	4.2965	545	2.5431
rids	2508	4.2966	492	2.752
flap	2590	4.2968	410	2.7391
bode	2487	4.2969	513	2.3919
lobe	2494	4.2969	506	2.8003
bens	2510	4.297	490	2.598
mate	2526	4.297	474	2.5125
lade	2525	4.2972	475	2.4253
late	2513	4.2972	487	2.5935
flip	2590	4.2973	410	3.0025
hurt	2488	4.2973	512	2.5742
dins	2497	4.2976	503	2.4692
lisp	2573	4.2976	427	2.6463
dram	2589	4.2976	411	2.6251
than	2550	4.2976	450	2.6313
spit	2553	4.2979	447	2.6757
host	2493	4.298	507	2.5306
also	2455	4.298	545	2.5616
colt	2550	4.2981	450	2.9089
sown	2493	4.2982	507	2.5327
nabs	2467	4.2983	533	2.6737
roam	2488	4.2983	512	2.7853
pure	2502	4.2984	498	2.5843
tops	2558	4.2984	442	2.7557
lump	2572	4.2984	428	2.5327
gust	2522	4.2984	478	2.4163
clan	2513	4.2985	487	2.4374
hold	2530	4.2986	470	2.5936
spun	2497	4.2987	503	2.4732
dear	2490	4.2987	510	2.6567
duos	2414	4.2987	586	2.7439
alef	2473	4.2988	527	2.7722
lust	2564	4.2989	436	2.7774
said	2476	4.2989	524	2.8168
drib	2555	4.2989	445	2.5662
amen	2525	4.299	475	2.7305
mans	2487	4.299	513	2.3764
taus	2413	4.2992	587	2.6814
bans	2509	4.2992	491	2.4298
mild	2558	4.2994	442	2.4321
amyl	2536	4.2995	464	2.7909
bolt	2559	4.2995	441	2.5828
ands	2521	4.2996	479	2.4344
rips	2536	4.2996	464	2.7328
tams	2566	4.2996	434	2.7441
lari	2455	4.2997	545	2.7762
gone	2450	4.2998	550	2.5909
born	2545	4.3	455	2.567
rami	2494	4.3001	506	2.8163
abet	2494	4.3001	506	2.5278
rely	2521	4.3003	479	2.6807
lobs	2490	4.3004	510	2.4001
ends	2485	4.3004	515	2.5089
haps	2532	4.3007	468	2.8654
gate	2457	4.3007	543	2.5431
talc	2494	4.3007	506	2.4979
lure	2415	4.3008	585	2.5504
sore	2470	4.3008	530	2.6772
weir	2413	4.3009	587	2.6609
name	2492	4.3011	508	2.4332
talk	2531	4.3011	469	2.4669
time	2531	4.3011	469	2.6694
soil	2446	4.3011	554	2.464
corn	2486	4.3011	514	2.2451
halt	2541	4.3011	459	2.9433
ired	2518	4.3012	482	2.6866
race	2450	4.3012	550	2.6563
sage	2473	4.3013	527	2.4991
pair	2514	4.3014	486	2.502
aryl	2509	4.3014	491	2.6212
elms	2521	4.3015	479	2.5971
oils	2407	4.3016	593	2.7303
pane	2487	4.3017	513	2.8323
peon	2514	4.3018	486	2.7388
lows	2459	4.3019	541	2.7078
horn	2478	4.3019	522	2.4732
lacy	2511	4.3019	489	2.591
limo	2475	4.3022	525	2.5179
phis	2520	4.3023	480	2.3251
news	2495	4.3023	505	2.3564
yams	2514	4.3023	486	2.6892
ruse	2474	4.3024	526	2.6235
hilt	2556	4.3024	444	2.34
sped	2577	4.3024	423	2.5886
onus	2403	4.3025	597	2.6767
soli	2422	4.3026	578	2.6521
puns	2517	4.3027	483	2.3043
yens	2492	4.3027	508	2.8328
toms	2585	4.3028	415	2.8989
ergo	2459	4.3029	541	2.7302
cent	2513	4.303	487	2.5915
nude	2486	4.303	514	2.6109
brie	2490	4.3031	510	2.7176
ergs	2540	4.3031	460	2.3239
damn	2543	4.3032	457	2.8643
yews	2476	4.3033	524	2.6165
held	2552	4.3034	448	2.8459
herd	2506	4.3035	494	2.4939
kale	2479	4.3036	521	2.7218
wept	2578	4.3037	422	2.4809
trek	2539	4.3037	461	2.4729
drab	2569	4.3037	431	2.6217
math	2563	4.3039	437	2.5377
stud	2532	4.3039	468	2.4809
flat	2567	4.304	433	2.7112
tide	2500	4.304	500	2.8601
ploy	2595	4.3041	405	2.5804
skep	2530	4.3041	470	2.3723
clad	2545	4.3042	455	2.6198
stun	2522	4.3043	478	2.521
helm	2568	4.3043	432	2.5277
curd	2510	4.3044	490	2.4716
pyre	2616	4.3044	384	2.4533
skin	2464	4.3044	536	2.8209
wins	2483	4.3046	517	2.5629
trim	2587	4.3046	413	2.5909
tray	2501	4.3047	499	2.5452
dame	2509	4.3047	491	2.7475
thru	2539	4.3048	461	2.6509
leaf	2456	4.3049	544	2.6709
rude	2449	4.305	551	2.5353
toad	2457	4.305	543	2.7293
pays	2495	4.305	505	2.4099
slew	2550	4.3051	450	2.4733
tsar	2499	4.3051	501	2.8283
mire	2495	4.3052	505	2.4533
warp	2577	4.3053	423	2.6714
prom	2605	4.3053	395	2.7242
nags	2472	4.3053	528	2.7027
rail	2463	4.3054	537	2.486
loti	2478	4.3054	522	2.7491
porn	2546	4.3054	454	2.7907
nice	2458	4.3055	542	2.7896
barn	2524	4.3055	476	2.6722
smit	2555	4.3058	445	2.7145
eons	2427	4.3059	573	2.6508
spin	2533	4.3059	467	2.4432
roil	2469	4.306	531	2.5763
bras	2489	4.306	511	2.6184
gore	2475	4.3063	525	2.2704
tags	2510	4.3063	490	2.5123
blur	2546	4.3064	454	2.5111
heap	2513	4.3064	487	2.735
acts	2510	4.3066	490	2.4083
sank	2506	4.3067	494	2.49
heat	2455	4.3068	545	2.7119
wand	2536	4.307	464	2.5605
tram	2555	4.307	445	2.6426
wilt	2554	4.307	446	2.3474
arty	2525	4.3071	475	2.4863
fare	2477	4.3072	523	2.7438
yean	2405	4.3073	595	2.6133
limb	2576	4.3073	424	2.4952
sewn	2521	4.3073	479	2.6451
ides	2484	4.3073	516	2.8256
delf	2573	4.3073	427	2.4261
went	2532	4.3074	468	2.748
rosy	2512	4.3075	488	2.4733
plum	2619	4.3075	381	2.6037
yelm	2529	4.3076	471	2.242
orca	2461	4.3077	539	2.7514
swat	2551	4.3077	449	2.6303
owns	2492	4.3078	508	2.6968
cads	2489	4.3079	511	2.5537
lion	2442	4.3079	558	2.5106
dabs	2515	4.308	485	2.8473
weal	2461	4.308	539	2.6235
lank	2459	4.308	541	2.7393
bear	2501	4.3081	499	2.3606
slaw	2523	4.3082	477	2.3544
wile	2435	4.3083	565	2.524
suer	2447	4.3083	553	2.4052
blip	2587	4.3083	413	2.6321
rash	2519	4.3084	481	2.6821
atop	2535	4.3084	465	2.7012
wean	2419	4.3084	581	2.7092
hone	2420	4.3085	580	2.7947
aids	2416	4.3086	584	2.5155
cola	2420	4.3086	580	2.3586
knot	2518	4.3086	482	2.4128
tiny	2517	4.3086	483	2.4846
yeas	2388	4.3087	612	2.42
goer	2458	4.3088	542	2.5554
gnat	2532	4.3089	468	2.4037
cane	2447	4.309	553	2.6149
pleb	2576	4.3092	424	2.3373
ruin	2390	4.3092	610	2.7
toys	2484	4.3092	516	2.7249
park	2573	4.3093	427	2.5666
pond	2524	4.3093	476	2.3045
spay	2546	4.3093	454	2.7093
bail	2429	4.3094	571	2.7092
blog	2572	4.3095	428	2.4089
lark	2517	4.3095	483	2.7246
ayes	2404	4.3096	596	2.4262
bend	2591	4.3097	409	2.5819
some	2474	4.3098	526	2.5588
bins	2476	4.3099	524	2.5305
bird	2560	4.31	440	2.475
lift	2575	4.3101	425	2.3507
warn	2507	4.3101	493	2.365
help	2585	4.3102	415	2.5854
rags	2475	4.3103	525	2.4266
nail	2440	4.3104	560	2.6534
skit	2469	4.3104	531	2.8024
stay	2504	4.3105	496	2.7319
wine	2453	4.3106	547	2.6032
carp	2537	4.3107	463	2.3867
aces	2404	4.3107	596	2.5754
play	2559	4.3109	441	2.4466
take	2469	4.3109	531	2.7064
typo	2556	4.311	444	2.4393
cons	2483	4.311	517	2.5861
rigs	2448	4.3111	552	2.7663
wars	2483	4.3111	517	2.642
pies	2472	4.3112	528	2.5891
ruts	2512	4.3112	488	2.3298
peso	2517	4.3113	483	2.6089
clag	2485	4.3113	515	2.8486
clod	2519	4.3114	481	2.4034
robs	2488	4.3117	512	2.5995
awol	2448	4.3118	552	2.6014
bids	2549	4.3118	451	2.3815
spur	2544	4.312	456	2.6907
cite	2463	4.312	537	2.6798
sane	2501	4.312	499	2.6534
poem	2502	4.3121	498	2.5461
wait	2467	4.3121	533	2.7243
draw	2529	4.3123	471	2.5477
dual	2474	4.3123	526	2.6634
prim	2578	4.3123	422	2.6731
bile	2501	4.3123	499	2.5651
bore	2451	4.3126	549	2.7742
slug	2482	4.3128	518	2.8475
base	2449	4.3128	551	2.8946
tics	2504	4.3128	496	2.5242
fuel	2477	4.3129	523	2.6405
duly	2552	4.3131	448	2.3726
laid	2500	4.3131	500	2.496
pray	2511	4.3133	489	2.3313
seam	2519	4.3134	481	2.6383
hots	2481	4.3134	519	2.715
waul	2430	4.3136	570	2.5474
arms	2537	4.3136	463	2.758
sect	2492	4.3137	508	2.5707
toga	2454	4.3137	546	2.6447
milk	2521	4.3137	479	2.6576
drag	2528	4.3137	472	2.6548
belt	2573	4.3138	427	2.3558
mite	2502	4.3138	498	2.2972
stew	2498	4.3138	502	2.1535
dyer	2536	4.314	464	2.5086
grey	2502	4.3142	498	2.6888
tows	2498	4.3142	502	2.6831
bane	2520	4.3143	480	2.3167
kelp	2559	4.3144	441	2.5373
dray	2543	4.3144	457	2.5099
lube	2485	4.3146	515	2.6195
huts	2482	4.3146	518	2.5848
shin	2529	4.3147	471	2.6561
beth	2555	4.3147	445	2.672
drew	2564	4.3147	436	2.6148
ipad	2524	4.3147	476	2.5064
soul	2418	4.3148	582	2.6665
blue	2503	4.3148	497	2.8632
tugs	2487	4.3149	513	2.9242
airy	2411	4.3151	589	2.7607
nosy	2452	4.3151	548	2.416
sign	2494	4.3153	506	2.3556
sing	2532	4.3154	468	2.2906
ukes	2412	4.3155	588	2.5833
lock	2479	4.3155	521	2.2208
yond	2519	4.3155	481	2.6881
sink	2461	4.3155	539	2.6903
hire	2444	4.3155	556	2.4747
mind	2536	4.3155	464	2.3103
fats	2520	4.3156	480	2.5751
emir	2520	4.3156	480	2.6978
home	2424	4.3156	576	2.5953
pine	2475	4.3156	525	2.6249
tied	2521	4.3156	479	2.3946
toil	2439	4.3158	561	2.7291
yaws	2425	4.3159	575	2.821
yird	2485	4.316	515	2.4718
stab	2544	4.316	456	2.2631
grip	2556	4.316	444	2.3963
cams	2485	4.3161	515	2.6835
hope	2463	4.3164	537	2.43
bale	2467	4.3165	533	2.651
levs	2459	4.3165	541	2.6819
bone	2487	4.3165	513	2.4094
unto	2464	4.3165	536	2.3991
crap	2558	4.3166	442	2.457
feta	2496	4.3167	504	2.9445
wont	2509	4.3168	491	2.4522
troy	2545	4.3168	455	2.4087
bide	2514	4.3169	486	2.7511
camp	2592	4.3169	408	2.8675
cots	2470	4.317	530	2.6378
skip	2509	4.3171	491	2.4929
welt	2548	4.3173	452	2.4602
mane	2493	4.3173	507	2.4222
harp	2574	4.3174	426	2.7301
pram	2577	4.3175	423	2.7304
emus	2421	4.3175	579	2.8065
card	2542	4.3176	458	2.2904
posh	2500	4.3177	500	2.6639
wild	2527	4.3177	473	2.6556
tamp	2605	4.3178	395	2.0733
then	2524	4.3178	476	2.6574
dewy	2522	4.3181	478	2.5626
kiln	2488	4.3183	512	2.4512
bony	2506	4.3184	494	2.2571
swan	2518	4.3184	482	2.7426
pang	2569	4.3184	431	2.6056
male	2488	4.3186	512	2.7793
lory	2488	4.3186	512	2.455
fits	2507	4.3187	493	2.6958
gild	2513	4.3187	487	2.1931
firs	2423	4.3187	577	3.0017
fold	2529	4.3189	471	2.3419
suit	2441	4.3189	559	2.6692
bard	2519	4.3189	481	2.6301
slob	2561	4.3189	439	2.5878
duct	2533	4.319	467	2.6038
yald	2545	4.3191	455	2.5428
many	2507	4.3191	493	2.7039
kite	2453	4.3191	547	2.4974
muse	2489	4.3194	511	2.5831
slow	2547	4.3197	453	2.51
bade	2505	4.3197	495	2.8123
plug	2534	4.32	466	2.5041
mesa	2489	4.32	511	2.5185
link	2471	4.32	529	2.3025
rank	2523	4.3201	477	2.2685
foal	2417	4.3203	583	2.5336
pews	2501	4.3204	499	2.6532
gist	2520	4.3204	480	2.1645
oust	2472	4.3204	528	2.3978
dice	2481	4.3205	519	2.765
loud	2467	4.3206	533	2.7018
cast	2518	4.3206	482	2.5892
cram	2505	4.3207	495	2.588
bran	2535	4.3207	465	2.3999
cult	2516	4.321	484	2.7169
burn	2486	4.321	514	2.4689
bead	2503	4.321	497	2.694
cuds	2460	4.3211	540	2.9186
teak	2483	4.3212	517	2.3714
bars	2483	4.3212	517	2.5359
ions	2386	4.3213	614	2.6156
lain	2446	4.3214	554	2.659
ayin	2363	4.3215	637	2.3722
gems	2518	4.3215	482	2.4938
desk	2504	4.3216	496	2.6531
sang	2504	4.3216	496	2.4013
cape	2502	4.3216	498	2.4919
awry	2519	4.3218	481	2.3825
glum	2531	4.3218	469	2.6419
buhl	2500	4.3218	500	2.448
pact	2573	4.3219	427	2.2974
arcs	2486	4.3221	514	2.7647
tank	2518	4.3224	482	2.637
more	2508	4.3226	492	2.6443
mask	2522	4.3227	478	2.4685
sake	2452	4.3227	548	2.9581
crop	2556	4.3227	444	2.6217
lack	2474	4.3228	526	2.4678
lads	2522	4.3228	478	2.5043
hasp	2554	4.3229	446	2.3631
bunt	2541	4.3229	459	2.867
moan	2467	4.323	533	2.4898
olea	2400	4.3231	600	2.8716
hues	2390	4.3231	610	2.5753
pads	2556	4.3231	444	2.5834
umps	2545	4.3231	455	2.4594
yard	2519	4.3232	481	2.5593
gets	2506	4.3232	494	2.6477
maid	2493	4.3233	507	2.7851
mown	2533	4.3233	467	2.7496
slab	2556	4.3234	444	2.6441
bawl	2550	4.3234	450	2.4579
lays	2500	4.3235	500	2.57
keps	2494	4.3235	506	2.9961
pied	2492	4.3235	508	2.4861
soup	2409	4.3236	591	2.5853
bare	2477	4.3238	523	2.4609
tums	2524	4.324	476	2.5189
fail	2467	4.324	533	2.6304
limp	2608	4.3241	392	2.4388
cork	2447	4.3241	553	2.5263
mews	2534	4.3241	466	2.4849
cued	2462	4.3241	538	2.725
fern	2533	4.3243	467	2.4112
lawn	2524	4.3243	476	2.3572
file	2434	4.3245	566	2.7827
hand	2528	4.3245	472	2.324
rugs	2483	4.3246	517	2.3966
arch	2458	4.3246	542	2.6551
want	2544	4.3248	456	2.6292
blew	2541	4.3249	459	2.6602
wend	2582	4.3249	418	2.5096
meow	2482	4.325	518	2.6931
site	2481	4.325	519	2.607
iamb	2518	4.3251	482	2.5434
town	2514	4.3252	486	2.7758
tubs	2519	4.3252	481	2.6195
yoni	2410	4.3252	590	2.529
curs	2432	4.3252	568	2.5988
mead	2509	4.3253	491	2.4459
clay	2474	4.3253	526	2.5019
days	2459	4.3253	541	2.3883
ages	2436	4.3255	564	2.5975
boas	2428	4.3255	572	2.9194
rife	2488	4.3256	512	2.494
aped	2495	4.3257	505	2.4021
yins	2448	4.3258	552	2.7498
irks	2522	4.3258	478	2.6652
mage	2482	4.3258	518	2.388
guns	2473	4.3259	527	2.5388
case	2448	4.3259	552	2.7918
wrap	2517	4.326	483	2.5073
plow	2566	4.3261	434	2.6797
long	2511	4.3262	489	2.6196
curt	2514	4.3262	486	2.7758
beam	2497	4.3263	503	2.6521
pita	2518	4.3263	482	2.6204
hare	2463	4.3264	537	2.7038
ring	2483	4.3264	517	2.6404
cans	2477	4.3265	523	2.8106
alum	2478	4.3266	522	2.4924
thus	2495	4.3267	505	2.4714
rack	2492	4.3268	508	2.7382
rays	2466	4.3268	534	2.5618
west	2521	4.3268	479	2.451
drub	2582	4.327	418	2.5429
mend	2541	4.327	459	2.4575
cold	2520	4.327	480	2.5665
hail	2465	4.3271	535	2.8543
limn	2530	4.3271	470	2.4999
pius	2438	4.3273	562	2.5678
feds	2492	4.3273	508	2.5985
sway	2483	4.3273	517	2.5049
pity	2535	4.3273	465	2.3549
sigh	2460	4.3274	540	2.6705
wort	2518	4.3274	482	2.1536
amid	2495	4.3274	505	2.5467
cone	2382	4.3275	618	2.6471
boar	2464	4.3276	536	2.8302
dawn	2562	4.3276	438	2.7419
bays	2475	4.3276	525	2.5963
pigs	2548	4.3277	452	2.3319
fort	2535	4.3279	465	2.7527
mope	2534	4.328	466	2.6395
line	2493	4.3282	507	2.5857
tour	2442	4.3282	558	2.6667
mace	2488	4.3282	512	2.8866
girl	2548	4.3283	452	2.7612
foul	2396	4.3286	604	2.5579
beat	2473	4.3287	527	2.3303
keys	2417	4.3288	583	2.6192
ours	2374	4.3289	626	2.5415
yawl	2505	4.3289	495	2.59
wale	2473	4.329	527	2.575
goal	2369	4.3291	631	2.7241
lice	2441	4.3291	559	2.5473
edit	2529	4.3292	471	2.5606
cues	2372	4.3292	628	2.734
mint	2541	4.3294	459	2.706
heir	2430	4.3295	570	2.5963
germ	2551	4.3296	449	2.5901
fire	2452	4.3296	548	2.4598
hics	2423	4.3297	577	2.3691
clue	2437	4.3297	563	2.499
aims	2467	4.3297	533	2.6753
cuts	2493	4.3299	507	2.3472
deft	2524	4.33	476	2.1638
ware	2469	4.3301	531	2.9003
hits	2446	4.3304	554	2.7636
hops	2509	4.3304	491	2.442
cure	2423	4.3305	577	2.6377
gape	2510	4.3305	490	2.5388
volt	2486	4.3306	514	2.6419
amps	2555	4.3306	445	2.5934
dint	2540	4.3307	460	2.5414
mops	2506	4.3307	494	2.4736
gyre	2528	4.3308	472	2.4448
scat	2524	4.3308	476	2.6618
pain	2454	4.331	546	2.403
gait	2440	4.331	560	2.7928
ribs	2467	4.3313	533	2.3847
owed	2462	4.3313	538	2.5725
ogre	2484	4.3313	516	2.2422
mobs	2518	4.3314	482	2.6825
toke	2433	4.3317	567	2.9048
sour	2404	4.3318	596	2.3977
scot	2531	4.3318	469	2.7142
wist	2525	4.3319	475	2.5517
limy	2543	4.3321	457	2.5886
mine	2492	4.3322	508	2.3742
able	2449	4.3323	551	2.7896
hoar	2445	4.3324	555	2.463
balk	2507	4.3324	493	2.4077
fowl	2519	4.3324	481	2.5467
slog	2530	4.3324	470	2.815
gear	2483	4.3325	517	2.5647
digs	2495	4.3326	505	2.4178
flaw	2522	4.3326	478	2.8201
begs	2486	4.3327	514	2.6752
fear	2474	4.3329	526	2.3687
sumo	2447	4.3329	553	2.5533
wipe	2478	4.333	522	2.3945
face	2430	4.333	570	2.579
wyes	2455	4.3331	545	2.6607
yaps	2469	4.3331	531	2.6402
egos	2454	4.3332	546	2.445
idly	2523	4.3333	477	2.6121
ilks	2440	4.3333	560	2.6928
kaon	2430	4.3334	570	2.5544
dune	2476	4.3335	524	2.8074
foes	2415	4.3336	585	2.6839
stub	2532	4.3336	468	2.2459
kays	2463	4.3337	537	2.4806
kine	2412	4.3337	588	2.6395
menu	2484	4.3338	516	2.6976
odes	2486	4.3339	514	2.6439
chat	2493	4.3339	507	2.6923
hoed	2486	4.334	514	2.4396
bray	2510	4.3342	490	2.7123
tabs	2551	4.3342	449	2.5835
woes	2407	4.3342	593	3.0287
walk	2491	4.3343	509	2.8076
clog	2487	4.3343	513	2.5127
ogle	2453	4.3343	547	2.7495
gray	2506	4.3344	494	2.4049
best	2546	4.3345	454	2.1453
nubs	2507	4.3346	493	2.6632
fens	2487	4.3346	513	2.7155
work	2487	4.3347	513	2.4991
grew	2526	4.3347	474	2.5655
burl	2523	4.3347	477	2.5974
ropy	2509	4.3348	491	2.4013
dibs	2493	4.3348	507	2.491
doty	2528	4.3348	472	2.4553
yelk	2532	4.3349	468	2.4894
corm	2549	4.3349	451	2.4633
dupe	2500	4.3351	500	2.6201
bask	2554	4.3351	446	2.5135
upon	2487	4.3353	513	2.507
cyan	2479	4.3353	521	2.6392
gnus	2451	4.3354	549	2.4664
dips	2492	4.3354	508	2.6162
ices	2431	4.3355	569	2.6484
ably	2548	4.3355	452	2.7235
akin	2419	4.3355	581	2.7263
bust	2547	4.3357	453	2.3621
dyne	2521	4.3358	479	2.572
shoe	2492	4.336	508	2.4942
runs	2467	4.336	533	2.7092
bowl	2529	4.336	471	2.5689
sung	2496	4.3361	504	2.7323
word	2493	4.3361	507	2.6668
oaks	2382	4.3361	618	2.5534
wads	2454	4.3361	546	2.8097
deys	2496	4.3364	504	2.486
urea	2406	4.3364	594	2.574
roue	2346	4.3365	654	2.6726
clef	2524	4.3366	476	2.5968
vela	2405	4.3366	595	2.9243
pith	2565	4.3367	435	2.4415
cusp	2539	4.3368	461	2.6616
reak	2418	4.3369	582	2.4776
pace	2476	4.337	524	2.498
hips	2486	4.3371	514	2.5077
byte	2518	4.3373	482	2.5354
muon	2463	4.3374	537	2.3407
life	2452	4.3374	548	2.7298
vend	2473	4.3375	527	2.5599
lush	2501	4.3375	499	2.5289
revs	2446	4.3376	554	2.8593
bite	2508	4.3377	492	2.5324
deaf	2520	4.3378	480	2.7876
sulk	2481	4.3378	519	2.3834
flop	2565	4.3378	435	2.2737
spud	2542	4.3378	458	2.5022
yeti	2445	4.3379	555	2.6683
yule	2475	4.3379	525	2.6113
halo	2446	4.338	554	2.583
dreg	2571	4.3381	429	2.4405
kits	2474	4.3381	526	2.4903
waly	2538	4.3381	462	2.5023
flay	2498	4.3381	502	2.6991
coda	2474	4.3382	526	2.6672
peak	2434	4.3382	566	2.3815
outs	2433	4.3383	567	2.7902
rave	2427	4.3383	573	2.6842
swop	2544	4.3385	456	2.296
acne	2451	4.3386	549	2.5153
tidy	2547	4.3387	453	2.5806
swap	2542	4.3388	458	2.3842
lamb	2580	4.3389	420	2.8929
lung	2524	4.3389	476	2.4137
gulp	2542	4.339	458	2.62
code	2428	4.3391	572	2.7622
ahem	2480	4.3391	520	2.4077
only	2509	4.3392	491	2.8493
fins	2449	4.3392	551	2.4937
yurt	2520	4.3392	480	2.5356
wren	2534	4.3393	466	2.4785
shew	2520	4.3395	480	2.8292
kats	2481	4.3396	519	2.7243
cord	2525	4.3396	475	2.5769
yoke	2398	4.3397	602	2.4385
your	2469	4.34	531	2.4256
awls	2476	4.3401	524	2.5364
bris	2481	4.3401	519	2.4048
hogs	2435	4.3402	565	2.2797
yerk	2482	4.3403	518	2.6544
dark	2522	4.3404	478	2.3932
same	2475	4.3404	525	2.6819
chef	2496	4.3404	504	2.7896
hair	2440	4.3405	560	2.6982
worm	2500	4.3405	500	2.8641
duet	2481	4.3405	519	2.7475
pour	2472	4.3407	528	2.625
robe	2467	4.3408	533	2.4989
bang	2511	4.3409	489	2.5624
flag	2531	4.3409	469	2.4861
orbs	2479	4.341	521	2.5356
caps	2517	4.341	483	2.4721
vets	2458	4.3411	542	2.5941
crew	2485	4.3411	515	2.8718
bond	2570	4.3412	430	2.3885
rush	2493	4.3412	507	2.8502
lirk	2494	4.3413	506	2.7749
ecru	2431	4.3415	569	2.659
floe	2462	4.3416	538	2.3959
cabs	2482	4.3417	518	2.8629
damp	2612	4.3417	388	2.7862
coal	2411	4.3418	589	2.6248
ramp	2567	4.3418	433	2.4528
brin	2505	4.3419	495	2.5112
boil	2449	4.342	551	2.5952
vile	2424	4.3421	576	2.4027
pegs	2518	4.3421	482	2.6765
haws	2486	4.3421	514	2.78
gift	2524	4.3421	476	2.6175
stye	2497	4.3422	503	2.5527
curl	2499	4.3423	501	2.515
hump	2574	4.3426	426	2.3708
fair	2457	4.3429	543	2.3333
gird	2523	4.3429	477	2.5933
racy	2477	4.3429	523	2.5219
aced	2457	4.3429	543	2.4752
disk	2456	4.343	544	2.5057
paws	2490	4.343	510	2.2156
debt	2552	4.343	448	2.5891
bloc	2552	4.343	448	2.3147
burp	2573	4.343	427	2.4872
push	2520	4.3431	480	2.4522
yeah	2422	4.3433	578	2.597
mens	2464	4.3434	536	2.5505
smog	2520	4.3434	480	2.7271
doth	2528	4.3435	472	2.6462
hard	2531	4.3435	469	2.7184
moth	2505	4.3437	495	2.6766
spry	2599	4.3437	401	2.7231
yolk	2425	4.3437	575	2.6573
tabu	2465	4.3437	535	2.6637
barf	2531	4.3438	469	2.4926
scud	2545	4.3439	455	2.5648
maul	2449	4.3443	551	2.7696
fade	2507	4.3443	493	2.56
punk	2478	4.3446	522	2.6591
sunk	2472	4.3446	528	2.6194
burs	2478	4.3446	522	2.5058
brim	2536	4.3447	464	2.2973
fuse	2413	4.3447	587	2.5725
fray	2524	4.3448	476	2.2017
fora	2450	4.3449	550	2.6419
pawn	2541	4.345	459	2.9218
boys	2457	4.3453	543	2.7092
sawn	2529	4.3453	471	2.7814
gaps	2504	4.3453	496	2.6373
loft	2514	4.3453	486	2.6913
glob	2520	4.3454	480	2.4917
love	2400	4.3454	600	2.8333
lieu	2392	4.3456	608	2.3914
came	2466	4.3457	534	2.5487
balm	2559	4.3457	441	2.3582
lake	2439	4.3458	561	2.7271
loci	2419	4.3458	581	2.8451
char	2472	4.346	528	2.3768
urge	2460	4.346	540	2.898
tofu	2420	4.3461	580	2.3585
rink	2479	4.3464	521	2.6546
scum	2509	4.3465	491	2.5173
club	2525	4.3466	475	2.8801
kern	2495	4.3466	505	2.4694
snow	2552	4.3467	448	2.6406
yips	2509	4.3467	491	2.4177
kips	2512	4.3468	488	2.7192
tomb	2552	4.3469	448	2.4755
epic	2485	4.3469	515	2.563
made	2515	4.347	485	2.4349
scam	2521	4.3471	479	2.4385
demy	2577	4.3471	423	2.9292
drug	2527	4.3471	473	2.6216
ship	2541	4.3471	459	2.4356
bath	2500	4.3473	500	2.4919
mods	2541	4.3473	459	2.695
ding	2571	4.3473	429	2.4965
rows	2479	4.3475	521	2.4645
gnar	2540	4.3475	460	2.5827
snub	2534	4.3478	466	2.5106
byes	2481	4.3478	519	2.6686
oink	2404	4.3479	596	2.6612
hews	2508	4.3479	492	2.744
ilka	2437	4.348	563	2.6964
into	2415	4.348	585	2.6343
raws	2498	4.3481	502	2.4879
acyl	2460	4.3482	540	2.5425
head	2491	4.3482	509	2.6268
yipe	2471	4.3483	529	2.7675
goes	2442	4.3483	558	2.5073
hate	2498	4.3484	502	2.7312
cope	2440	4.3484	560	2.5358
bind	2521	4.3485	479	2.7266
fast	2523	4.3486	477	2.4425
brag	2563	4.3486	437	2.4919
dogs	2502	4.3486	498	2.6726
sued	2473	4.3487	527	2.499
scan	2510	4.3488	490	2.5326
frog	2534	4.3489	466	2.6803
dank	2548	4.3489	452	2.4181
cods	2488	4.3493	512	2.5353
half	2497	4.3495	503	2.6641
musk	2524	4.3497	476	2.4641
grin	2467	4.3497	533	2.6661
pica	2464	4.3497	536	2.3583
daft	2565	4.3498	435	2.8851
doge	2436	4.3498	564	2.6205
pugs	2522	4.3498	478	2.6296
elks	2476	4.3499	524	2.8645
each	2436	4.3499	564	2.5444
glia	2482	4.35	518	2.6951
hung	2497	4.35	503	3.1789
defy	2535	4.3502	465	2.4173
drum	2547	4.3502	453	2.5255
writ	2515	4.3502	485	2.5898
dung	2520	4.3503	480	2.627
hags	2456	4.3503	544	2.5828
nuke	2460	4.3503	540	2.7629
risk	2511	4.3503	489	2.4294
spam	2574	4.3504	426	2.5539
acme	2467	4.3505	533	2.6266
twin	2549	4.3505	451	2.4458
must	2542	4.3506	458	2.3624
furs	2510	4.3506	490	2.3979
faun	2454	4.3507	546	2.4341
girn	2500	4.3507	500	2.3601
cops	2481	4.3508	519	2.549
gyne	2430	4.3508	570	2.3914
fend	2494	4.3508	506	2.2983
rums	2501	4.3508	499	2.7777
like	2420	4.3509	580	2.5982
fine	2450	4.351	550	2.6853
rily	2505	4.3512	495	2.3819
atom	2520	4.3513	480	2.7083
ways	2446	4.3515	554	2.4836
used	2465	4.3516	535	2.5103
flit	2576	4.3516	424	2.6227
honk	2488	4.3517	512	2.6035
fame	2499	4.3517	501	2.6627
dubs	2523	4.352	477	2.5452
bold	2587	4.3521	413	2.4285
wind	2505	4.3523	495	2.5494
flew	2517	4.3523	483	2.7972
goad	2442	4.3523	558	2.5986
goby	2481	4.3523	519	2.3951
cloy	2509	4.3524	491	2.5153
tech	2527	4.3524	473	2.4862
ower	2476	4.3525	524	2.4961
loin	2431	4.3526	569	2.8014
omit	2515	4.3526	485	2.6434
cake	2402	4.3526	598	2.5068
saki	2390	4.3527	610	2.5935
owes	2417	4.3528	583	2.5487
nibs	2492	4.3529	508	2.7796
twos	2540	4.3529	460	2.6957
iced	2458	4.3533	542	2.5259
thou	2456	4.3533	544	2.7078
snob	2563	4.3534	437	2.3777
ting	2591	4.3534	409	2.6674
find	2529	4.3534	471	2.2846
knar	2512	4.3534	488	2.9344
yaks	2477	4.3534	523	2.7265
feat	2515	4.3535	485	2.431
zine	2379	4.3537	621	2.7199
iota	2384	4.3537	616	2.7157
vent	2482	4.3537	518	2.6526
bait	2477	4.3539	523	2.2927
laud	2423	4.354	577	2.7991
buds	2503	4.3541	497	2.6359
yowe	2408	4.3542	592	2.6116
worn	2458	4.3543	542	2.6569
gods	2515	4.3543	485	2.4226
imps	2548	4.3546	452	2.8053
wide	2478	4.3547	522	2.7278
wigs	2447	4.3547	553	2.6437
wary	2488	4.3547	512	2.7049
berm	2580	4.3547	420	2.2977
cogs	2446	4.3548	554	2.5614
vies	2388	4.3548	612	2.4315
kept	2543	4.3549	457	2.3916
auto	2411	4.3549	589	2.6994
waft	2545	4.355	455	2.477
rock	2471	4.355	529	2.5463
sham	2540	4.3552	460	2.4023
wane	2421	4.3552	579	2.596
yowl	2484	4.3553	516	2.9109
pout	2501	4.3554	499	2.517
duke	2472	4.3554	528	2.6097
they	2509	4.3555	491	2.3524
lash	2515	4.3555	485	2.6887
hole	2490	4.3556	510	2.3843
yang	2478	4.3556	522	2.2949
bums	2544	4.3557	456	2.6514
golf	2533	4.3558	467	2.5503
gram	2481	4.356	519	2.4295
wise	2414	4.356	586	2.6467
undo	2423	4.3561	577	2.5441
aide	2416	4.3563	584	2.7176
font	2534	4.3564	466	2.3433
dust	2527	4.3564	473	2.4143
gobs	2501	4.3564	499	2.6211
nobs	2508	4.3565	492	2.6422
cedi	2475	4.3566	525	2.4725
sift	2515	4.3568	485	2.5774
hike	2446	4.357	554	2.7274
gaol	2485	4.3571	515	2.6776
user	2466	4.3571	534	2.5375
bops	2498	4.3574	502	2.47
sump	2586	4.3575	414	2.3213
bulk	2540	4.3575	460	2.576
veil	2375	4.3575	625	2.6097
blow	2558	4.3577	442	2.7782
tusk	2492	4.3577	508	2.6143
song	2523	4.3578	477	2.434
rift	2532	4.358	468	2.6603
crag	2482	4.3581	518	2.7143
form	2546	4.3582	454	2.4274
yods	2484	4.3583	516	2.7635
swam	2535	4.3583	465	2.3655
sick	2452	4.3585	548	2.6735
coed	2452	4.3585	548	2.5036
vale	2468	4.3585	532	2.7856
hugs	2434	4.3586	566	2.8621
reel	2431	4.3586	569	2.8434
easy	2456	4.3586	544	2.5329
bake	2454	4.3586	546	2.4248
know	2533	4.3587	467	2.6039
knur	2507	4.3587	493	2.3731
awed	2444	4.359	556	2.5988
buns	2518	4.359	482	2.5809
bias	2440	4.359	560	2.6411
gabs	2502	4.359	498	2.5986
garb	2553	4.3593	447	2.7226
ohms	2516	4.3593	484	2.4276
woks	2412	4.3595	588	2.607
shun	2503	4.3595	497	2.5735
both	2480	4.3595	520	2.7152
crud	2512	4.3595	488	2.5532
pods	2479	4.3597	521	2.593
hide	2477	4.3599	523	2.6407
pike	2466	4.36	534	2.7959
come	2456	4.36	544	2.5607
fads	2467	4.3603	533	2.6192
copy	2514	4.3604	486	2.2407
duty	2524	4.3606	476	2.7586
mach	2508	4.3606	492	2.6666
wire	2504	4.3606	496	2.6894
cubs	2491	4.3607	509	2.4479
soya	2378	4.3607	622	2.6189
monk	2503	4.3609	497	2.4265
gulf	2512	4.361	488	2.4283
curb	2511	4.3613	489	2.585
poke	2447	4.3613	553	2.7413
vane	2381	4.3613	619	2.6204
hose	2456	4.3613	544	2.5662
lout	2489	4.3614	511	2.4989
vear	2402	4.3615	598	2.6219
hulk	2494	4.3615	506	2.4328
fops	2460	4.3615	540	2.4501
bout	2482	4.3616	518	2.334
skew	2493	4.3616	507	2.7258
rang	2530	4.3616	470	2.6062
wade	2468	4.3616	532	2.626
wail	2430	4.3617	570	2.5036
oily	2430	4.362	570	2.6772
emit	2499	4.362	501	2.7905
crab	2535	4.3621	465	2.6344
snag	2487	4.3621	513	2.8929
safe	2453	4.3622	547	2.7111
awny	2496	4.3622	504	2.4128
disc	2496	4.3622	504	2.4702
soak	2368	4.3624	632	2.595
okra	2457	4.3624	543	2.409
surf	2462	4.3624	538	2.4534
size	2393	4.3624	607	2.4465
vole	2409	4.3625	591	2.3891
skid	2482	4.3626	518	2.6179
beak	2478	4.3627	522	2.5538
loaf	2477	4.363	523	2.6023
turf	2533	4.3631	467	2.5162
lurk	2454	4.3631	546	2.2894
hums	2501	4.3632	499	2.6553
woad	2460	4.3632	540	2.6277
bury	2507	4.3632	493	2.1764
flog	2529	4.3633	471	2.3737
icer	2471	4.3633	529	2.6051
cups	2511	4.3633	489	2.4438
kind	2485	4.3637	515	2.7049
tong	2515	4.3637	485	2.4721
pink	2509	4.3637	491	2.8166
omni	2492	4.3638	508	2.8266
bows	2495	4.3638	505	2.584
crib	2557	4.3639	443	2.4515
puny	2529	4.3639	471	2.5775
hour	2406	4.3642	594	2.4275
wage	2494	4.3642	506	2.8062
chip	2529	4.3644	471	2.4204
dunk	2464	4.3645	536	2.5372
thin	2510	4.3646	490	2.4613
hind	2523	4.3647	477	2.5682
scry	2514	4.3647	486	2.6727
prow	2558	4.3647	442	2.8236
zeps	2439	4.365	561	2.6311
myna	2533	4.3652	467	2.2741
stow	2541	4.3652	459	2.5862
abut	2513	4.3653	487	2.4682
hued	2436	4.3653	564	2.6134
scar	2501	4.3655	499	2.4288
down	2487	4.3656	513	2.6959
buts	2507	4.3656	493	2.566
dish	2497	4.3656	503	2.5965
wits	2538	4.3656	462	2.6947
hams	2494	4.3657	506	2.7944
zero	2364	4.3657	636	2.6401
gain	2474	4.3657	526	2.5362
oath	2469	4.3658	531	2.7138
sagy	2467	4.3659	533	2.5291
game	2495	4.3659	505	2.6217
inks	2460	4.3659	540	2.6313
luck	2446	4.366	554	2.4604
yawn	2514	4.3663	486	2.1872
grid	2545	4.3664	455	2.0967
rich	2493	4.3666	507	2.3748
herb	2558	4.3668	442	2.6922
kegs	2464	4.3672	536	2.5149
bank	2505	4.3674	495	2.4405
foam	2430	4.3674	570	2.6982
chop	2513	4.3674	487	2.7228
ache	2444	4.3675	556	2.3722
hunt	2544	4.3676	456	2.8003
cube	2457	4.3677	543	2.3666
hypo	2534	4.3678	466	2.605
acid	2436	4.3678	564	2.6596
shmo	2516	4.3681	484	2.6901
bios	2433	4.3681	567	2.5345
grow	2533	4.3682	467	2.4603
dusk	2457	4.3683	543	2.5341
anew	2457	4.3683	543	2.51
veal	2457	4.3685	543	2.6243
wash	2534	4.3685	466	2.4056
boat	2453	4.3685	547	2.4717
gory	2526	4.3688	474	2.2721
pelf	2601	4.3689	399	2.5137
fist	2525	4.369	475	2.6739
axel	2380	4.369	620	2.5403
ruby	2519	4.3693	481	2.3242
haul	2416	4.3695	584	2.4024
ambo	2500	4.3696	500	2.7181
calf	2492	4.3697	508	2.3168
what	2519	4.3698	481	2.4947
cows	2460	4.3698	540	2.7295
yarn	2505	4.3698	495	2.6022
tike	2471	4.3699	529	2.8658
hula	2469	4.3699	531	2.5462
cash	2479	4.37	521	2.7065
kaph	2531	4.3701	469	2.4604
goth	2488	4.3704	512	2.3222
conk	2465	4.3704	535	2.5927
yagi	2443	4.3706	557	2.7218
cowl	2464	4.3706	536	2.3713
daze	2422	4.3706	578	2.519
gums	2520	4.3707	480	2.7002
brow	2545	4.3709	455	2.6197
puma	2496	4.3709	504	2.5912
blah	2513	4.371	487	2.3633
shed	2511	4.3713	489	2.4335
knew	2476	4.3715	524	2.708
main	2468	4.3715	532	2.5996
zaps	2423	4.3717	577	2.8006
city	2526	4.3717	474	2.6623
farm	2523	4.372	477	2.3877
fact	2514	4.372	486	2.4361
whet	2514	4.372	486	2.6521
pubs	2521	4.3723	479	2.6472
berk	2499	4.3723	501	2.5011
foil	2431	4.3725	569	2.3691
vast	2486	4.3726	514	2.7606
cafe	2430	4.3727	570	2.7405
dash	2501	4.3729	499	2.7515
baud	2477	4.3731	523	2.6309
snug	2510	4.3733	490	2.757
mice	2431	4.3734	569	2.508
mark	2532	4.3737	468	2.9253
baht	2535	4.3737	465	2.7891
oafs	2373	4.3738	627	2.5503
wisp	2524	4.3739	476	2.3489
feud	2458	4.3739	542	3.0517
bilk	2513	4.3739	487	2.2732
gilt	2522	4.374	478	2.5898
hurl	2486	4.3741	514	2.6168
soft	2505	4.3742	495	2.3151
maws	2518	4.3743	482	2.8859
puce	2487	4.3743	513	2.6609
itch	2497	4.3744	503	2.5268
owly	2513	4.3744	487	2.5358
folk	2454	4.3745	546	2.5276
show	2522	4.3745	478	2.4999
hang	2482	4.3745	518	2.7028
fogs	2474	4.3747	526	2.4447
mesh	2518	4.3747	482	2.7426
ping	2522	4.3748	478	2.3934
wasp	2568	4.3748	432	2.5972
harm	2515	4.3749	485	2.2785
nick	2493	4.375	507	2.6963
chad	2505	4.3751	495	2.5051
fume	2492	4.3752	508	2.8286
vats	2481	4.3753	519	2.6415
knob	2559	4.3755	441	2.7369
hays	2487	4.3755	513	2.9316
fohs	2455	4.3759	545	2.5671
icon	2426	4.3763	574	2.3921
oven	2433	4.3764	567	2.575
cwms	2568	4.3765	432	2.4814
move	2377	4.3765	623	2.6292
mica	2462	4.3767	538	2.9517
mush	2507	4.3769	493	2.2596
inky	2470	4.3771	530	2.7904
make	2476	4.3774	524	2.3817
wing	2563	4.3774	437	2.5766
arks	2476	4.3776	524	2.4847
brew	2554	4.3776	446	2.5854
gush	2506	4.3777	494	2.4007
zens	2426	4.3777	574	2.3869
grim	2567	4.3779	433	2.6628
mink	2507	4.3781	493	2.6999
claw	2509	4.3784	491	2.5193
gown	2516	4.3784	484	2.308
mugs	2542	4.3784	458	2.7403
sext	2412	4.3785	588	2.5476
shim	2509	4.3786	491	2.6618
fawn	2501	4.3787	499	2.6011
swim	2511	4.3788	489	2.4805
cobs	2465	4.3788	535	2.6485
ashy	2486	4.3789	514	2.8114
aven	2424	4.3793	576	2.5609
wily	2514	4.3793	486	2.4938
tent	2424	4.3793	576	2.5589
yuan	2455	4.3793	545	2.5321
tufa	2449	4.3795	551	2.6608
huge	2414	4.3796	586	2.8565
task	2522	4.3798	478	2.4329
wolf	2520	4.3798	480	2.2626
wags	2471	4.3801	529	2.9679
coin	2424	4.3802	576	2.4965
puke	2430	4.3803	570	2.6614
cask	2431	4.3803	569	2.9016
echo	2434	4.3803	566	2.9293
bunk	2489	4.3809	511	2.7966
mash	2540	4.381	460	2.6783
rove	2352	4.3811	648	2.6835
grab	2521	4.3812	479	2.4072
magi	2455	4.3814	545	2.789
envy	2449	4.3816	551	2.704
caws	2462	4.3819	538	2.6804
yesk	2460	4.382	540	2.7204
posy	2505	4.3822	495	2.7797
afro	2474	4.3823	526	2.6197
loch	2488	4.3824	512	2.4296
fork	2468	4.3825	532	2.718
sikh	2476	4.3825	524	2.5402
flow	2532	4.3825	468	2.498
gash	2467	4.3826	533	2.6304
mows	2498	4.3826	502	2.6137
obey	2454	4.3827	546	2.4083
beau	2401	4.383	599	2.6496
tack	2513	4.3834	487	2.8029
shwa	2455	4.3834	545	2.4992
bash	2512	4.3835	488	2.7153
yaud	2470	4.3837	530	2.7736
flub	2537	4.3837	463	2.1446
pack	2585	4.3837	415	2.7086
from	2572	4.3837	428	2.3295
chap	2545	4.3838	455	2.5451
funk	2447	4.384	553	2.6692
glow	2530	4.384	470	2.4744
save	2361	4.3841	639	2.8233
gosh	2459	4.3841	541	2.8078
woke	2383	4.3842	617	2.6514
four	2387	4.3849	613	2.7162
thud	2518	4.3851	482	2.7242
tuba	2491	4.3852	509	2.3143
whip	2583	4.3852	417	2.5035
weak	2385	4.3853	615	2.522
deva	2445	4.3854	555	2.5442
wadi	2472	4.3856	528	2.5967
zest	2440	4.3859	560	2.3823
gawp	2554	4.386	446	2.6549
mays	2510	4.3861	490	2.4061
gunk	2481	4.3861	519	2.5993
bawd	2558	4.3867	442	2.6696
etch	2489	4.3867	511	2.311
webs	2488	4.3867	512	2.664
thug	2524	4.387	476	2.6848
stag	2513	4.3871	487	2.6981
oxes	2321	4.3872	679	2.7851
with	2516	4.3872	484	2.5351
uric	2435	4.3875	565	3.007
fund	2504	4.3875	496	2.3892
smug	2529	4.3876	471	2.5689
mayo	2448	4.3876	552	2.5089
voes	2356	4.3877	644	2.5078
hewn	2554	4.3878	446	2.3342
warm	2519	4.388	481	2.6383
fang	2482	4.3882	518	2.7298
swag	2442	4.3883	558	2.5537
edgy	2527	4.3883	473	2.3658
vise	2387	4.3883	613	2.6541
whoa	2446	4.3884	554	2.583
tyke	2497	4.3886	503	2.8093
culm	2529	4.3888	471	2.3865
bush	2486	4.389	514	2.4903
wake	2418	4.3891	582	2.6065
rick	2489	4.3891	511	2.7748
fobs	2478	4.3891	522	2.7968
bike	2426	4.3894	574	2.7771
zigs	2436	4.3896	564	2.5513
grub	2506	4.3897	494	2.403
wink	2470	4.3897	530	2.6207
bogs	2530	4.3897	470	2.8744
siku	2391	4.3898	609	2.4138
skim	2523	4.3906	477	2.2536
swab	2482	4.3907	518	2.587
kids	2437	4.3907	563	2.5453
wish	2529	4.3909	471	2.7493
levy	2491	4.3909	509	2.55
barm	2549	4.391	451	2.4943
dock	2478	4.391	522	2.5787
sots	2394	4.3911	606	2.6173
agin	2468	4.3913	532	2.5847
awes	2387	4.3915	613	2.6868
much	2519	4.3916	481	2.7817
murk	2506	4.3917	494	2.7326
bags	2517	4.3917	483	2.5735
amok	2462	4.3921	538	2.6783
hawk	2470	4.3921	530	2.5716
cage	2454	4.3922	546	2.8792
glib	2539	4.3922	461	2.5379
howl	2529	4.3925	471	2.4394
when	2494	4.3926	506	2.4545
pock	2504	4.3927	496	2.6048
wiry	2491	4.3929	509	2.6738
ugly	2514	4.3934	486	2.7036
nave	2402	4.3935	598	2.8964
holy	2450	4.3936	550	2.4892
kina	2404	4.3938	596	2.4395
busy	2474	4.394	526	2.5533
fond	2526	4.3942	474	2.3374
coma	2476	4.3943	524	2.6087
swig	2457	4.3943	543	2.5193
coil	2437	4.3943	563	2.657
nock	2492	4.3944	508	2.5139
cyst	2533	4.3945	467	2.3599
thaw	2553	4.3946	447	2.8524
evil	2429	4.3947	571	2.4431
sync	2540	4.3947	460	2.5631
twig	2526	4.3947	474	2.5105
fumy	2517	4.3948	483	2.5113
live	2449	4.395	551	2.5625
vans	2415	4.3951	585	2.6086
dhow	2521	4.3953	479	2.6535
gasp	2515	4.3954	485	2.5278
duck	2497	4.3955	503	2.6182
zeal	2442	4.3958	558	2.7437
vita	2429	4.3962	571	2.7023
yodh	2497	4.3964	503	2.5369
vein	2396	4.3965	604	2.5413
body	2537	4.3966	463	2.5292
neck	2453	4.3966	547	2.7386
comb	2522	4.3968	478	2.5041
whim	2538	4.3969	462	2.4068
yoga	2410	4.397	590	2.5542
exon	2340	4.397	660	2.6818
yuga	2457	4.3972	543	2.4437
lave	2429	4.3976	571	2.7513
whom	2596	4.3976	404	2.4481
bugs	2500	4.3977	500	2.6601
fain	2395	4.3977	605	2.729
hype	2506	4.398	494	2.5851
suck	2422	4.3981	578	2.6506
zati	2401	4.3982	599	2.4726
axed	2397	4.3983	603	2.7411
hows	2428	4.3985	572	2.6138
coak	2402	4.3985	598	2.4332
flab	2527	4.3986	473	2.6788
yows	2471	4.3988	529	2.5953
yaup	2468	4.3989	532	2.4943
flex	2431	4.3989	569	2.6786
rood	2428	4.399	572	2.7465
idea	2426	4.3992	574	2.7353
vape	2438	4.3995	562	2.5979
scab	2529	4.3995	471	2.76
visa	2412	4.3996	588	2.5986
chin	2451	4.3997	549	2.6139
aged	2478	4.3997	522	2.8067
forb	2470	4.3999	530	2.4133
chis	2455	4.4001	545	2.5523
gimp	2557	4.4004	443	2.4425
whup	2500	4.4005	500	2.5539
zeds	2459	4.4005	541	2.7449
raze	2400	4.401	600	2.4899
gyro	2494	4.401	506	2.5435
vang	2468	4.4012	532	2.4756
dele	2471	4.4013	529	2.3535
wimp	2577	4.4013	423	2.4869
coys	2414	4.4016	586	2.5581
nevi	2434	4.4016	566	2.5229
oval	2436	4.4017	564	2.8917
jest	2428	4.4017	572	2.563
such	2412	4.4018	588	2.6158
vows	2420	4.4022	580	2.888
navy	2462	4.4022	538	2.4871
hymn	2571	4.4022	429	2.5758
cosy	2451	4.4023	549	2.7195
whop	2562	4.4027	438	2.5638
next	2478	4.4027	522	2.2815
deer	2464	4.4029	536	2.6549
coup	2421	4.403	579	2.3108
loos	2368	4.4033	632	2.815
dove	2423	4.4036	577	2.5978
zags	2384	4.4039	616	2.7937
lick	2475	4.404	525	2.5961
jilt	2453	4.4042	547	2.6543
crow	2472	4.4044	528	2.394
door	2443	4.4044	557	2.4183
tell	2463	4.4046	537	2.4842
wife	2435	4.4047	565	2.6868
bonk	2501	4.4051	499	2.7215
tube	2500	4.4053	500	2.5958
vase	2396	4.4053	604	2.4388
cyme	2503	4.4053	497	2.6116
tala	2451	4.4054	549	2.8071
flax	2414	4.4056	586	2.7133
yank	2490	4.4056	510	2.6254
shiv	2431	4.4057	569	2.5517
nazi	2356	4.4058	644	2.7485
laze	2424	4.4059	576	2.8177
gnaw	2451	4.406	549	2.5974
zhos	2407	4.406	593	2.7573
chum	2535	4.4061	465	2.2085
have	2393	4.4061	607	2.7151
phub	2543	4.4067	457	2.4791
sofa	2414	4.4067	586	2.6519
cave	2405	4.4069	595	2.3613
yeuk	2372	4.4072	628	2.7166
gyps	2550	4.4075	450	2.7443
pick	2529	4.4076	471	2.2525
womb	2481	4.4076	519	2.5067
guys	2468	4.4078	532	2.5639
muck	2491	4.4078	509	2.446
wack	2453	4.4079	547	2.4734
tick	2525	4.4079	475	2.5872
army	2542	4.4083	458	2.6137
dull	2407	4.4084	593	2.558
peck	2512	4.4085	488	2.2888
veto	2468	4.4087	532	2.6728
aver	2439	4.4088	561	2.7932
gyms	2517	4.409	483	2.7764
hark	2464	4.4092	536	2.3153
fibs	2510	4.4094	490	2.4286
kuna	2399	4.4094	601	2.5225
numb	2561	4.4095	439	2.7131
viol	2415	4.4105	585	2.4205
vote	2369	4.4106	631	2.5419
vice	2382	4.4106	618	2.6811
dump	2570	4.4107	430	2.5978
cell	2411	4.4107	589	2.4415
whir	2508	4.411	492	2.2702
chew	2513	4.4111	487	2.4885
waif	2423	4.4118	577	2.7261
bark	2536	4.412	464	2.4785
qats	2399	4.4124	601	2.9469
fink	2495	4.4124	505	2.6851
seen	2408	4.4127	592	2.4729
faze	2406	4.4131	594	2.5386
figs	2450	4.4135	550	2.5837
euro	2381	4.4135	619	2.4361
thee	2428	4.4137	572	2.3585
peer	2480	4.4138	520	2.5231
chub	2471	4.4138	529	2.811
deck	2486	4.4138	514	2.677
zits	2454	4.4139	546	2.7216
gawk	2475	4.4142	525	2.6572
tuck	2516	4.4148	484	2.3843
zone	2335	4.4151	665	2.6618
jolt	2443	4.4156	557	2.6337
wove	2363	4.4157	637	2.6548
lees	2389	4.4157	611	2.802
tint	2448	4.4161	552	2.3568
root	2417	4.4162	583	2.5198
wham	2517	4.4163	483	2.5071
cyma	2522	4.4164	478	2.5669
doze	2436	4.4165	564	2.484
vary	2459	4.4166	541	2.6748
gout	2419	4.4167	581	2.5525
zany	2421	4.4169	579	2.5681
poky	2513	4.4172	487	2.8502
ells	2348	4.4172	652	2.6364
zoea	2286	4.4176	714	2.5195
pave	2458	4.4178	542	2.7953
back	2472	4.4179	528	2.6325
ditz	2536	4.418	464	2.627
dumb	2597	4.418	403	2.6329
vugs	2419	4.4181	581	2.6092
tilt	2431	4.4183	569	2.1916
pull	2460	4.4185	540	2.4203
furl	2524	4.4197	476	2.5
tzar	2468	4.42	532	2.6841
swiz	2420	4.4203	580	2.6433
buhr	2508	4.4203	492	2.561
chow	2471	4.4206	529	2.6467
fake	2439	4.4206	561	2.5652
exit	2413	4.4209	587	2.5283
busk	2472	4.4212	528	2.8201
polo	2465	4.4217	535	2.5868
very	2498	4.4217	502	2.5479
wauk	2412	4.4218	588	2.6446
swum	2491	4.4219	509	2.4972
daub	2508	4.422	492	2.2866
loot	2452	4.422	548	2.5346
kyat	2466	4.422	534	2.7061
peel	2476	4.4221	524	2.4198
jail	2347	4.4224	653	2.9066
umbo	2462	4.4228	538	2.6915
jute	2393	4.4233	607	2.6293
axle	2379	4.4236	621	2.7456
king	2473	4.4237	527	2.5559
sell	2391	4.424	609	2.6681
tree	2473	4.4244	527	2.6738
buys	2483	4.4245	517	2.6904
hunk	2460	4.425	540	2.6221
yack	2463	4.4251	537	2.5643
yogh	2439	4.4253	561	2.499
hubs	2478	4.4255	522	2.678
coot	2404	4.4256	596	2.7384
zeta	2417	4.4257	583	2.6535
yuck	2466	4.4257	534	2.8483
husk	2475	4.4264	525	2.663
blab	2402	4.4264	598	2.6722
void	2391	4.4266	609	2.7916
tall	2431	4.4269	569	2.738
pool	2435	4.427	565	2.5788
meet	2470	4.427	530	2.5659
alga	2375	4.427	625	2.5889
sack	2468	4.427	532	2.4644
friz	2471	4.4272	529	2.4726
crux	2356	4.4273	644	2.7391
bump	2529	4.4273	471	2.6116
inch	2488	4.4274	512	2.5548
sums	2363	4.4276	637	2.5055
loop	2464	4.4277	536	2.5858
dive	2434	4.4278	566	2.4984
mock	2493	4.4279	507	2.3788
fish	2440	4.4279	560	2.5287
soot	2397	4.428	603	2.6616
tort	2371	4.4282	629	2.504
eels	2390	4.4282	610	2.8523
rive	2410	4.4282	590	2.7982
whey	2543	4.4285	457	2.8119
roll	2386	4.4286	614	2.5717
less	2382	4.4286	618	2.788
verb	2486	4.4287	514	2.5894
jots	2429	4.4289	571	2.7774
vamp	2547	4.4289	453	2.4591
sitz	2456	4.4289	544	2.5808
feet	2450	4.4292	550	2.6562
sere	2403	4.4293	597	2.6517
loon	2411	4.4294	589	2.752
solo	2423	4.4297	577	2.5702
yawp	2538	4.43	462	2.225
anal	2435	4.4301	565	2.8104
nigh	2469	4.4302	531	2.6969
ague	2390	4.4303	610	2.6015
else	2407	4.4304	593	2.6747
ughs	2489	4.4305	511	2.3484
jean	2380	4.4305	620	2.5806
vied	2412	4.4308	588	2.4523
hoop	2410	4.4308	590	2.7101
wick	2462	4.431	538	2.6004
bell	2429	4.4312	571	2.8616
lazy	2427	4.4314	573	2.5446
free	2413	4.4314	587	2.6354
coif	2408	4.4315	592	2.238
adze	2431	4.4319	569	2.624
lass	2380	4.4323	620	2.6081
beer	2425	4.4325	575	2.5948
achy	2495	4.4325	505	2.7802
sols	2379	4.4325	621	2.4704
minx	2453	4.4326	547	2.6635
toll	2421	4.433	579	2.444
hive	2358	4.4332	642	2.4843
teen	2433	4.4332	567	2.5856
myth	2579	4.4333	421	2.5845
dzos	2428	4.4333	572	2.4669
firm	2505	4.4334	495	2.7274
zori	2371	4.4335	629	2.8027
feel	2411	4.434	589	2.3803
sill	2397	4.4342	603	2.7644
dene	2412	4.4349	588	2.687
fury	2511	4.4352	489	2.7035
june	2370	4.4353	630	2.6253
pall	2475	4.4355	525	2.7239
maze	2420	4.4355	580	2.6447
vibe	2447	4.4356	553	2.4646
vial	2385	4.4357	615	2.418
buck	2473	4.4357	527	2.4174
ywis	2447	4.4358	553	2.6854
juts	2352	4.4358	648	2.5603
yuks	2385	4.4361	615	2.6016
moot	2415	4.4361	585	2.2274
doxy	2398	4.4361	602	2.5381
spas	2424	4.4362	576	2.6059
jury	2413	4.4363	587	2.6116
vine	2369	4.4365	631	2.6529
vain	2352	4.4365	648	2.6358
poor	2450	4.4366	550	2.5127
plop	2439	4.4366	561	2.4206
axon	2348	4.4369	652	2.7069
chug	2487	4.4377	513	2.4114
nova	2383	4.438	617	2.5105
ouch	2390	4.4381	610	2.646
pips	2408	4.4383	592	2.5472
puck	2485	4.4384	515	2.4952
pouf	2411	4.4389	589	2.4755
uvea	2298	4.4391	702	2.6353
lilt	2423	4.4397	577	2.5684
ally	2442	4.4397	558	2.6757
wave	2366	4.4398	634	2.6482
pope	2324	4.4402	676	2.4822
nine	2339	4.4403	661	2.6187
deet	2444	4.4403	556	2.365
ball	2433	4.4404	567	2.2769
dill	2420	4.4406	580	2.9464
eery	2412	4.4406	588	2.6019
zarf	2428	4.4407	572	2.6015
gees	2381	4.4412	619	2.7416
sexy	2401	4.4415	599	2.9851
dads	2342	4.4418	658	2.6048
okay	2413	4.4419	587	2.3968
zein	2409	4.4425	591	2.4297
leer	2437	4.4425	563	2.5472
prop	2463	4.4426	537	2.7041
calx	2432	4.4426	568	2.4964
eely	2382	4.4431	618	2.7313
ooid	2309	4.4432	691	2.6453
sits	2379	4.4436	621	2.7409
toro	2375	4.4438	625	2.4336
icky	2420	4.4439	580	2.8223
tart	2391	4.444	609	2.6223
buoy	2435	4.4441	565	2.7027
wive	2353	4.4441	647	2.5208
oops	2340	4.4442	660	2.5666
fave	2417	4.4443	583	2.3963
logo	2395	4.4444	605	2.7172
flox	2453	4.4449	547	2.5723
heck	2467	4.445	533	2.3546
gell	2422	4.4452	578	2.9291
flee	2410	4.4453	590	2.3253
apex	2374	4.4454	626	2.3386
purr	2414	4.4456	586	2.6196
give	2406	4.4456	594	2.6702
loom	2414	4.4457	586	2.6741
peps	2420	4.4458	580	2.4656
view	2380	4.4459	620	2.4887
zyme	2462	4.4459	538	2.5615
taxi	2374	4.446	626	2.556
call	2364	4.4461	636	2.8445
ills	2394	4.4462	606	2.835
lede	2441	4.4463	559	2.8998
guck	2468	4.4463	532	2.5359
cove	2357	4.4465	643	2.4884
mall	2421	4.4466	579	2.5923
oleo	2352	4.4466	648	2.6837
area	2347	4.447	653	2.4657
dere	2456	4.4471	544	2.6288
ahoy	2399	4.4474	601	2.5358
lynx	2463	4.4475	537	2.4823
sock	2385	4.4478	615	2.5171
teed	2428	4.448	572	2.4632
horo	2327	4.4484	673	2.5752
coax	2276	4.4487	724	2.7225
weep	2470	4.4488	530	2.7
rare	2307	4.4489	693	2.4386
doll	2433	4.4489	567	2.4797
tees	2428	4.449	572	2.6449
fogy	2482	4.4493	518	2.8976
jets	2472	4.4496	528	2.7443
tote	2370	4.4497	630	2.5856
octo	2395	4.4506	605	2.6018
need	2444	4.4506	556	2.7591
till	2431	4.4507	569	2.6363
gave	2396	4.4507	604	2.8807
irid	2416	4.4509	584	2.7979
cull	2405	4.451	595	2.4454
jams	2430	4.4514	570	2.772
josh	2397	4.4516	603	2.6402
jabs	2433	4.4519	567	2.5273
dees	2446	4.4519	554	2.9078
pill	2437	4.4524	563	2.6609
jeli	2404	4.4527	596	2.6477
seme	2440	4.4527	560	2.6356
dorr	2428	4.4528	572	2.5488
reek	2392	4.453	608	2.5988
mere	2436	4.4531	564	2.61
wood	2433	4.4533	567	2.5431
vest	2452	4.4534	548	2.4526
elix	2381	4.4538	619	2.6897
none	2319	4.4542	681	2.5537
bevy	2445	4.4544	555	2.4936
pups	2378	4.4544	622	2.7362
reed	2455	4.4549	545	2.6678
heme	2465	4.455	535	2.6935
iris	2314	4.455	686	2.6034
haze	2382	4.4551	618	2.7832
jays	2385	4.4553	615	2.6925
memo	2346	4.4553	654	2.5781
cool	2411	4.4554	589	2.6231
deep	2482	4.4555	518	2.7954
loss	2369	4.4557	631	2.5295
saws	2354	4.4557	646	2.6084
cede	2365	4.4558	635	2.5638
pops	2387	4.4559	613	2.5334
tots	2390	4.4562	610	2.6936
axes	2293	4.4562	707	2.802
matt	2476	4.4563	524	2.5343
dozy	2462	4.4566	538	2.4499
sins	2408	4.4572	592	2.6992
fuze	2373	4.4572	627	2.4928
palp	2408	4.4574	592	2.5793
zebu	2391	4.4575	609	2.7258
zinc	2423	4.4577	577	2.6222
fall	2443	4.4578	557	2.6554
wall	2388	4.4582	612	2.8057
pass	2434	4.4582	566	2.8921
keel	2386	4.4583	614	2.8338
hack	2470	4.4584	530	2.5603
glee	2447	4.4584	553	2.5733
dead	2331	4.4587	669	2.6576
rill	2418	4.4592	582	2.5995
loco	2384	4.4599	616	2.6235
glug	2376	4.46	624	2.5639
bulb	2392	4.46	608	2.6989
just	2494	4.4602	506	2.7629
diva	2443	4.4603	557	2.4615
wawl	2370	4.4604	630	2.7841
blob	2428	4.4605	572	2.7743
avid	2424	4.461	576	2.7187
czar	2420	4.4611	580	2.2947
teem	2473	4.4611	527	2.6242
yell	2407	4.4613	593	2.5448
neon	2355	4.4614	645	2.5673
oryx	2406	4.4619	594	2.5067
mood	2430	4.4621	570	2.579
jink	2402	4.4623	598	2.5601
avow	2308	4.4623	692	2.3772
ewes	2355	4.4624	645	2.6278
hick	2441	4.4625	559	2.5368
ween	2424	4.4629	576	2.4635
trot	2424	4.463	576	2.4324
poll	2428	4.4634	572	2.8235
bees	2442	4.4634	558	2.5969
isms	2372	4.4636	628	2.6862
dude	2340	4.4636	660	2.5712
juke	2335	4.4637	665	2.6585
hell	2349	4.4638	651	2.7848
stat	2386	4.4639	614	2.4869
died	2379	4.4639	621	2.2495
sods	2388	4.464	612	2.67
zerk	2445	4.4642	555	2.6487
exam	2392	4.4643	608	2.5938
mull	2440	4.4643	560	2.6929
vatu	2389	4.4645	611	2.6073
tool	2427	4.4647	573	2.48
jars	2422	4.4647	578	2.443
seep	2438	4.4653	562	2.5747
bobs	2340	4.4655	660	2.547
gaze	2423	4.4656	577	2.4941
null	2396	4.4657	604	2.4521
toss	2417	4.4657	583	2.6382
jaws	2374	4.4659	626	2.4791
joke	2343	4.466	657	2.6317
sips	2358	4.466	642	2.5716
onyx	2416	4.466	584	2.7535
seer	2416	4.4661	584	2.6319
deem	2455	4.4671	545	2.4531
ease	2324	4.4672	676	2.4868
soon	2370	4.4673	630	2.5842
expo	2427	4.4676	573	2.4345
keen	2357	4.4678	643	2.5397
sirs	2423	4.468	577	2.702
lily	2398	4.4682	602	2.4137
fuki	2398	4.4683	602	2.4285
soms	2391	4.4687	609	2.5763
heel	2390	4.4687	610	2.5591
faux	2377	4.4688	623	2.923
yogi	2411	4.4689	589	2.6382
goos	2365	4.4693	635	2.6678
foci	2420	4.4695	580	2.5912
dell	2452	4.4701	548	2.73
bleb	2428	4.4705	572	2.3428
good	2413	4.4708	587	2.5008
watt	2343	4.4708	657	2.3774
seem	2449	4.4708	551	2.8438
mass	2385	4.4709	615	2.6959
onto	2388	4.471	612	2.4102
pipe	2359	4.4711	641	2.4805
sets	2408	4.4714	592	2.4746
zonk	2395	4.4717	605	2.7008
fell	2417	4.4719	583	2.6621
seas	2319	4.472	681	2.5772
bene	2450	4.4723	550	2.7382
jugs	2375	4.4724	625	2.72
xray	2395	4.4725	605	2.8264
gall	2398	4.4727	602	2.774
rear	2359	4.4727	641	2.429
fool	2404	4.473	596	2.5603
foot	2397	4.4732	603	2.5423
mill	2455	4.4736	545	2.7411
dado	2334	4.4737	666	2.6321
mess	2416	4.4737	584	2.6628
inns	2386	4.4742	614	2.4885
ewer	2408	4.4746	592	2.4714
flux	2437	4.4746	563	2.8225
zoic	2377	4.4747	623	2.6035
hazy	2456	4.4748	544	2.8123
anon	2284	4.4749	716	2.7515
pepo	2332	4.475	668	2.6721
seed	2420	4.475	580	2.7915
eeks	2338	4.4751	662	2.7522
moms	2362	4.4752	638	2.522
join	2367	4.4752	633	2.6145
qadi	2344	4.4752	656	2.5852
soys	2365	4.4752	635	2.4991
beet	2461	4.4755	539	2.6458
yirr	2357	4.4756	643	2.5086
oxen	2359	4.4758	641	2.7411
wows	2324	4.476	676	2.6303
miss	2412	4.4761	588	2.6056
midi	2423	4.4766	577	2.6012
doom	2470	4.4767	530	2.768
test	2447	4.4769	553	2.6292
sows	2318	4.4769	682	2.6333
peek	2425	4.477	575	2.7912
hath	2419	4.477	581	2.7194
jibe	2359	4.477	641	2.574
aria	2316	4.4772	684	2.9254
qaid	2351	4.4773	649	2.4438
full	2442	4.4773	558	2.4318
leek	2414	4.4774	586	2.8992
xyst	2413	4.4777	587	2.6167
over	2445	4.4783	555	2.5208
hall	2439	4.4784	561	2.4152
jowl	2458	4.479	542	2.6531
heed	2417	4.4791	583	2.5266
gill	2413	4.4791	587	2.4243
nuns	2313	4.4792	687	2.5954
unix	2278	4.4793	722	2.532
moon	2434	4.4794	566	2.5793
keep	2415	4.4795	585	2.6512
ceca	2348	4.4795	652	2.6579
five	2406	4.4796	594	2.6246
fozy	2383	4.48	617	2.4571
tact	2371	4.4802	629	2.7233
jags	2379	4.4803	621	2.5346
jigs	2427	4.4803	573	2.5288
moor	2406	4.4804	594	2.5
taut	2341	4.4807	659	2.4855
fees	2368	4.4809	632	2.6582
suds	2390	4.4812	610	2.5753
sops	2417	4.4813	583	2.5642
odds	2361	4.4813	639	2.4523
mime	2380	4.4814	620	2.5564
phiz	2442	4.4815	558	2.663
tipi	2419	4.4823	581	2.5594
boor	2387	4.4824	613	2.5694
hull	2400	4.4827	600	2.8034
azym	2461	4.4827	539	2.7608
prep	2416	4.483	584	2.5239
scuz	2409	4.4835	591	2.6988
july	2443	4.4837	557	2.4292
hiss	2352	4.484	648	2.6097
cere	2402	4.4845	598	2.6322
agar	2409	4.4847	591	2.5009
paps	2397	4.4849	603	2.6218
jogs	2389	4.4849	611	2.5613
alas	2382	4.4851	618	2.6262
feed	2410	4.4852	590	2.3747
zing	2410	4.4853	590	2.5456
yutz	2480	4.4853	520	2.7519
hood	2429	4.4856	571	2.6445
axis	2269	4.4858	731	2.6675
odor	2431	4.4859	569	2.464
moss	2359	4.4859	641	2.5929
wavy	2444	4.486	556	2.5109
that	2424	4.4863	576	2.6266
sash	2379	4.4864	621	2.5686
psis	2366	4.4864	634	2.4812
boss	2358	4.4865	642	2.5793
coop	2416	4.4869	584	2.6969
imam	2350	4.487	650	2.9369
were	2428	4.4871	572	2.6784
adds	2380	4.4875	620	2.6565
oxea	2311	4.4876	689	2.7287
tout	2292	4.4885	708	2.6018
poxy	2386	4.489	614	2.461
pooh	2416	4.4891	584	2.8545
sons	2334	4.4893	666	2.6561
jerk	2452	4.4895	548	2.6331
saga	2387	4.4897	613	2.6557
well	2403	4.4903	597	2.5828
jade	2417	4.4909	583	2.4546
pulp	2413	4.4913	587	2.6337
apps	2393	4.4917	607	2.3905
gigs	2330	4.4918	670	2.7583
brux	2429	4.4922	571	2.3818
saps	2417	4.4928	583	2.6654
junk	2355	4.4929	645	2.7101
sues	2281	4.4929	719	2.63
dyad	2386	4.4932	614	2.6188
dyed	2432	4.4932	568	2.4842
food	2424	4.4934	576	2.6338
bass	2402	4.4935	598	2.4949
chiv	2430	4.4936	570	2.4859
hill	2365	4.4937	635	2.6093
boll	2415	4.4938	585	2.4068
barb	2402	4.4938	598	2.5887
wool	2407	4.494	593	2.5347
yill	2387	4.494	613	2.5741
hoot	2393	4.4941	607	2.5204
been	2397	4.4942	603	2.5754
knee	2403	4.4944	597	2.4959
jobs	2359	4.4949	641	2.4541
styx	2486	4.4949	514	2.7062
teth	2429	4.495	571	2.6567
pomp	2415	4.495	585	2.8666
judo	2392	4.495	608	2.5889
coos	2318	4.4953	682	2.5777
gala	2410	4.4955	590	2.8508
ibex	2356	4.4956	644	2.6709
yett	2414	4.4956	586	2.2234
here	2405	4.4957	595	2.9379
weed	2435	4.4958	565	2.3733
suns	2401	4.4966	599	2.7127
ashs	2351	4.4971	649	2.581
roar	2331	4.4975	669	2.8357
boon	2422	4.4981	578	2.6263
away	2351	4.4983	649	2.4408
eyes	2365	4.4985	635	2.8519
duds	2410	4.4988	590	2.8117
ekes	2307	4.4989	693	2.622
goon	2383	4.499	617	2.6401
zips	2444	4.499	556	2.6906
will	2403	4.4997	597	2.3501
kink	2341	4.4999	659	2.5418
took	2421	4.5002	579	2.6444
gene	2429	4.5004	571	2.5954
effs	2362	4.501	638	2.7366
nand	2392	4.5013	608	2.5856
goop	2403	4.5015	597	2.7068
guru	2390	4.5018	610	2.7772
gage	2291	4.5019	709	2.4839
mitt	2409	4.5024	591	2.4281
cees	2363	4.5026	637	2.8227
moos	2362	4.5028	638	2.5518
shah	2353	4.503	647	2.5949
heth	2379	4.503	621	2.3559
putt	2454	4.5033	546	2.685
week	2368	4.5034	632	2.508
kill	2406	4.5035	594	2.4259
bill	2423	4.5039	577	2.5043
babe	2264	4.5041	736	2.5462
pili	2466	4.5041	534	2.5486
says	2344	4.5044	656	2.7621
rook	2398	4.5046	602	2.6444
ovum	2397	4.5049	603	2.6469
bull	2413	4.5049	587	2.7326
sews	2364	4.505	636	2.6493
waxy	2369	4.5051	631	2.5942
woos	2371	4.5052	629	2.706
butt	2376	4.5053	624	2.6844
jali	2398	4.5054	602	2.7174
data	2468	4.5054	532	2.5544
fuss	2356	4.506	644	2.66
joys	2344	4.5065	656	2.8096
look	2414	4.5069	586	2.5819
aura	2286	4.5071	714	2.5475
mutt	2401	4.5075	599	2.8682
sags	2380	4.5076	620	2.6371
asps	2383	4.5077	617	2.4264
gong	2339	4.5079	661	2.6368
taka	2399	4.5082	601	2.5641
jamb	2470	4.5082	530	2.6434
uses	2332	4.5088	668	2.5764
hash	2335	4.5092	665	2.6978
eggs	2308	4.5095	692	2.7384
deme	2448	4.5098	552	2.7501
meek	2389	4.5099	611	2.5008
goji	2340	4.51	660	2.4743
afar	2384	4.5101	616	2.5601
foxy	2324	4.5102	676	2.5444
gags	2342	4.5103	658	2.2643
bitt	2454	4.5117	546	2.5091
twit	2395	4.512	605	2.2381
mara	2431	4.5127	569	2.4638
room	2444	4.5127	556	2.5198
oboe	2332	4.5127	668	2.5792
tuft	2365	4.5128	635	2.6663
eddy	2347	4.5134	653	2.6538
mini	2435	4.5142	565	2.3627
luau	2289	4.5152	711	2.6709
eker	2431	4.5154	569	2.5291
pimp	2441	4.5161	559	2.5385
oohs	2305	4.5163	695	2.7584
boos	2383	4.5169	617	2.6143
moho	2341	4.517	659	2.5008
birr	2431	4.5172	569	2.58
reef	2394	4.518	606	2.49
sacs	2312	4.5183	688	2.5798
riff	2353	4.519	647	2.4993
woof	2380	4.519	620	2.6533
lava	2345	4.5194	655	2.7344
bibs	2373	4.5197	627	2.4848
roof	2374	4.5201	626	2.5928
maim	2325	4.5207	675	2.7053
boxy	2426	4.5209	574	2.6009
boot	2395	4.5209	605	2.539
high	2378	4.5216	622	2.4116
aahs	2350	4.5217	650	2.5786
kata	2386	4.522	614	2.4983
kyak	2353	4.5227	647	2.5317
eggy	2351	4.5227	649	2.6363
eked	2415	4.5229	585	2.6393
luff	2388	4.5237	612	2.5703
ahas	2329	4.5238	671	2.8152
whiz	2423	4.5241	577	2.6064
hush	2339	4.5244	661	2.6611
agog	2316	4.5246	684	2.7338
zoos	2317	4.5254	683	2.757
skis	2327	4.5255	673	2.9229
sobs	2377	4.5267	623	2.4895
tuff	2387	4.5272	613	2.3262
subs	2397	4.5279	603	2.9269
fill	2422	4.5284	578	2.5881
seek	2391	4.5295	609	2.88
qoph	2411	4.5296	589	2.7962
pogo	2368	4.53	632	2.6392
tiff	2438	4.5301	562	2.692
toff	2399	4.5303	601	2.5924
quin	2266	4.5304	734	2.7819
ibis	2380	4.5306	620	2.5953
veer	2366	4.5308	634	2.6546
muff	2372	4.531	628	2.7244
pump	2431	4.5311	569	2.45
vara	2298	4.5311	702	2.6951
eyed	2366	4.5314	634	2.6089
huhs	2354	4.5314	646	2.8623
jump	2528	4.5316	472	2.7225
bubo	2295	4.5318	705	2.8764
jack	2431	4.5319	569	2.485
geek	2393	4.5324	607	2.5058
even	2323	4.5327	677	2.672
ruff	2377	4.5332	623	2.4752
gang	2354	4.534	646	2.6842
cozy	2404	4.5343	596	2.5554
ebbs	2376	4.5368	624	2.4423
cuss	2293	4.5384	707	2.5461
duff	2393	4.539	607	2.5749
jeer	2329	4.5394	671	2.5633
hoax	2301	4.5403	699	2.6437
edge	2417	4.5404	583	2.5971
shoo	2347	4.5406	653	2.6997
bomb	2403	4.5418	597	2.5227
coho	2360	4.542	640	2.6313
beep	2429	4.5422	571	2.5236
huff	2365	4.5431	635	2.4866
baas	2388	4.5432	612	2.7956
burr	2411	4.5433	589	2.6146
ever	2347	4.5435	653	2.5834
mums	2378	4.5439	622	2.9146
noun	2310	4.544	690	2.7636
offs	2294	4.5441	706	2.639
whew	2386	4.5444	614	2.3518
goof	2407	4.547	593	2.8819
hoof	2364	4.5476	636	2.6007
gull	2398	4.5479	602	2.6812
quad	2345	4.5479	655	2.7924
gaff	2332	4.5488	668	2.5329
puff	2401	4.5488	599	2.4741
zees	2306	4.5496	694	2.5462
eves	2339	4.55	661	2.7822
quit	2313	4.5503	687	2.7483
quay	2276	4.5509	724	2.6808
pupa	2320	4.5511	680	2.3677
hobo	2371	4.5521	629	2.806
quid	2354	4.5524	646	2.6457
kiss	2345	4.5532	655	2.7007
doff	2365	4.554	635	2.5386
vees	2280	4.5541	720	2.3472
jivy	2356	4.5542	644	2.7718
jock	2413	4.5548	587	2.7291
book	2414	4.5555	586	2.5939
ooze	2210	4.5576	790	2.691
wifi	2388	4.559	612	2.5687
asks	2309	4.5603	691	2.7033
boom	2420	4.5604	580	2.5277
zulu	2342	4.5621	658	2.6657
jell	2350	4.5624	650	2.4232
quip	2361	4.563	639	2.5163
razz	2335	4.5636	665	2.5278
hook	2350	4.565	650	2.7816
yegg	2365	4.5651	635	2.6757
exes	2241	4.5654	759	2.701
zoom	2327	4.5655	673	2.5825
zoon	2352	4.5665	648	2.4366
beef	2374	4.5684	626	2.5495
yaff	2328	4.5691	672	2.7457
kudu	2332	4.57	668	2.7022
ouzo	2229	4.5701	771	2.6005
miff	2397	4.571	603	2.5339
peep	2301	4.573	699	2.4964
kiwi	2333	4.5735	667	2.8592
cock	2295	4.5739	705	2.5488
cook	2368	4.5739	632	2.6171
text	2291	4.575	709	2.7065
eave	2259	4.576	741	2.6871
doxx	2287	4.577	713	2.6032
tizz	2327	4.5774	673	2.5988
jive	2287	4.5814	713	2.7306
baby	2433	4.5816	567	2.6295
kick	2388	4.5829	612	2.8757
sees	2287	4.5843	713	2.6241
noon	2257	4.5847	743	2.6123
fizz	2350	4.5865	650	2.4955
loll	2283	4.5866	717	2.5161
chic	2343	4.5892	657	2.6059
iffy	2363	4.5909	637	2.7205
guff	2375	4.5913	625	2.5998
ziti	2326	4.5933	674	2.2833
cuff	2334	4.5938	666	2.4431
taxa	2286	4.5943	714	2.5335
buff	2350	4.5946	650	2.5908
toot	2284	4.5959	716	2.5769
oozy	2290	4.5967	710	2.5113
jinx	2345	4.5969	655	2.3618
kava	2302	4.6034	698	2.712
sass	2249	4.605	751	2.6472
jeep	2388	4.6052	612	2.6569
poop	2284	4.6144	716	2.542
ajar	2306	4.626	694	2.5691
papa	2263	4.6268	737	2.4492
deed	2303	4.6275	697	2.482
lull	2268	4.6281	732	2.5356
quiz	2212	4.6308	788	2.5863
suqs	2204	4.6377	796	2.5314
meme	2287	4.6392	713	2.2875
aqua	2145	4.6446	855	2.5438
buzz	2295	4.6469	705	2.6413
tutu	2289	4.647	711	2.6441
mama	2270	4.649	730	2.7834
gaga	2259	4.6516	741	2.4587
fuzz	2331	4.6555	669	2.5485
dojo	2322	4.658	678	2.5472
keek	2293	4.6611	707	2.6746
yoyo	2276	4.6662	724	2.5995
dodo	2205	4.6673	795	2.8627
kook	2204	4.6861	796	2.6545
java	2197	4.7126	803	2.7846
jazz	2197	4.717	803	2.8531
fuff	2235	4.7191	765	2.5124
zizz	2154	4.7297	846	2.5613
