liar	238	4.0461	62	2.0
slop	266	4.083	34	2.1176
arty	254	4.0906	46	2.1738
pars	251	4.1116	49	2.7755
tame	249	4.1124	51	2.8627
sent	256	4.1133	44	2.1136
reds	246	4.1137	54	2.4999
gels	247	4.1174	53	2.4907
dubs	262	4.1186	38	2.4212
date	252	4.1189	48	2.9584
lout	256	4.1208	44	3.7273
lend	252	4.127	48	2.604
cute	256	4.1289	44	3.0453
bean	245	4.1304	55	2.6183
nits	254	4.1339	46	3.5216
rats	250	4.1361	50	1.8799
mane	255	4.1371	45	3.2
robs	247	4.1375	53	1.1887
snap	254	4.1379	46	2.3042
yarn	238	4.1388	62	2.6934
dyer	258	4.1396	42	2.7143
ares	241	4.1411	59	3.2032
sign	254	4.1415	46	1.9566
lops	253	4.1424	47	2.6384
teas	252	4.1429	48	3.1667
rute	244	4.1436	56	1.9643
toes	249	4.1448	51	3.0001
tire	246	4.146	54	2.648
brew	252	4.1469	48	3.1042
oral	244	4.1476	56	1.9285
ipad	248	4.1494	52	2.9615
sear	249	4.1523	51	2.7844
club	242	4.1532	58	2.6551
tear	254	4.1536	46	2.1956
tons	251	4.1549	49	1.8163
rapt	257	4.1554	43	3.5116
bins	242	4.1567	58	2.4309
tram	260	4.1576	40	2.575
tugs	254	4.1576	46	2.0434
legs	247	4.162	53	2.7736
snot	249	4.1647	51	3.4707
gore	241	4.1661	59	2.3391
darn	251	4.1673	49	3.0202
peas	244	4.1679	56	2.4465
lure	243	4.1686	57	3.1228
skep	260	4.1689	40	2.9501
duel	253	4.1697	47	3.1702
keps	247	4.1698	53	2.698
rasp	258	4.1705	42	2.6192
hens	252	4.1706	48	2.1458
lost	252	4.1707	48	3.8125
lump	262	4.1718	38	2.1053
does	233	4.1719	67	2.0746
dors	250	4.172	50	2.4602
wear	225	4.1734	75	2.2666
ions	236	4.1734	64	1.4219
ones	247	4.1737	53	2.9998
ants	246	4.1746	54	1.9074
halt	256	4.1758	44	1.6818
weds	250	4.1759	50	2.4399
fore	233	4.1763	67	1.4775
told	249	4.1765	51	2.7452
cult	255	4.1766	45	2.8443
seat	260	4.177	40	2.4251
rily	237	4.1775	63	2.6033
lied	253	4.1778	47	3.1063
leas	241	4.1786	59	2.9661
horn	241	4.1787	59	2.9491
duet	257	4.179	43	2.3255
troy	262	4.1794	38	2.0526
enol	251	4.1795	49	3.1837
mart	255	4.1805	45	3.0444
slow	249	4.181	51	3.2353
hues	243	4.1811	57	2.9824
rims	248	4.1814	52	2.3846
tums	253	4.1815	47	3.2128
this	247	4.1823	53	1.5659
hats	252	4.1827	48	1.8957
nods	251	4.1833	49	3.306
glia	239	4.1841	61	2.2459
rile	249	4.1846	51	2.7844
soul	249	4.1848	51	2.5883
lots	254	4.185	46	3.1958
gist	270	4.1853	30	1.7999
pony	254	4.1854	46	4.1522
hoes	231	4.1866	69	2.4202
gale	241	4.1868	59	2.1864
mats	257	4.1868	43	2.9303
wore	246	4.1874	54	1.7778
yens	240	4.1877	60	2.7167
terp	255	4.188	45	2.5333
chap	255	4.1884	45	2.6222
wilt	265	4.1887	35	1.6
care	244	4.1889	56	2.4287
rids	248	4.1892	52	1.9424
deil	251	4.1914	49	2.9182
lear	245	4.1919	55	3.4001
wads	255	4.1919	45	2.1557
tins	244	4.1929	56	2.3751
cues	248	4.1933	52	2.9037
bold	252	4.1945	48	3.0626
lent	257	4.1946	43	2.5115
lire	247	4.1946	53	2.0377
lime	245	4.1958	55	2.8545
hate	250	4.1958	50	2.6602
sort	249	4.1966	51	2.3335
rink	234	4.1966	66	2.1818
lead	253	4.1974	47	2.2341
role	248	4.1974	52	3.4615
seal	253	4.1976	47	2.7234
cone	227	4.1981	73	3.3697
slip	256	4.1991	44	2.5
bowl	261	4.1994	39	2.3077
sate	250	4.2	50	2.24
wary	250	4.2001	50	1.86
tags	245	4.2002	55	2.8
geld	264	4.2005	36	2.0556
lier	254	4.2006	46	2.4132
mils	259	4.2007	41	2.9755
loan	229	4.201	71	2.8168
sofa	224	4.2011	76	1.8815
sold	253	4.2017	47	2.085
meat	238	4.202	62	2.2259
task	247	4.2021	53	2.0
your	242	4.2023	58	2.345
ante	251	4.2032	49	1.9999
loti	250	4.2038	50	2.7601
palm	255	4.2041	45	2.3333
taro	245	4.2045	55	2.7091
rape	259	4.2045	41	2.7318
lens	263	4.2053	37	1.5406
dens	253	4.2055	47	1.851
arts	253	4.2056	47	1.6596
fern	253	4.2056	47	2.7659
late	243	4.2057	57	2.807
prom	261	4.2065	39	2.6923
clap	255	4.2075	45	2.5557
plot	264	4.2082	36	3.1667
helm	259	4.2082	41	2.561
dies	250	4.2084	50	2.88
yins	259	4.2086	41	2.9026
slaw	244	4.2089	56	2.75
hair	253	4.2092	47	3.1277
pens	247	4.2103	53	1.9623
aven	238	4.2103	62	2.6775
riel	228	4.2108	72	3.0277
peon	251	4.211	49	3.0613
fins	260	4.2116	40	2.325
runt	245	4.2122	55	2.4729
slug	264	4.2123	36	1.9723
drug	249	4.2132	51	2.6079
news	253	4.2134	47	2.9573
fare	239	4.2135	61	1.8853
rots	248	4.2135	52	2.8076
pros	248	4.2137	52	1.8655
load	243	4.2141	57	2.0876
chat	252	4.2144	48	2.1668
born	247	4.2146	53	3.0189
teal	256	4.2149	44	2.7047
bawl	260	4.2153	40	2.6498
mold	251	4.2153	49	1.8367
nets	255	4.2156	45	3.0
exit	231	4.2163	69	2.855
seam	254	4.2164	46	2.3697
heal	259	4.2164	41	2.3658
hued	254	4.2165	46	1.913
herb	254	4.2166	46	2.261
lids	249	4.217	51	2.6863
rung	258	4.2172	42	2.6429
bloc	258	4.2173	42	2.6429
onus	239	4.2174	61	2.295
tail	244	4.2174	56	2.3393
oats	244	4.2174	56	1.6785
ages	248	4.2178	52	1.7499
slew	248	4.2179	52	3.1347
noel	243	4.218	57	2.9651
mark	247	4.2185	53	2.0377
dues	246	4.2197	54	2.2036
turf	259	4.2201	41	2.5366
rope	250	4.2201	50	2.3601
rues	236	4.2202	64	2.7343
roue	236	4.2203	64	2.6407
rods	245	4.2204	55	2.6365
redo	227	4.2204	73	2.781
rant	249	4.221	51	2.3332
nuts	244	4.2211	56	2.3751
year	253	4.2212	47	2.2766
sink	239	4.2219	61	2.2131
post	261	4.2222	39	2.795
alef	252	4.2224	48	3.0416
plum	261	4.2225	39	2.1027
wait	252	4.2225	48	2.0208
tens	247	4.2226	53	3.302
male	256	4.2226	44	3.1136
type	251	4.2227	49	2.4287
rent	256	4.2228	44	3.2727
moat	247	4.2229	53	2.8113
rive	242	4.2233	58	3.1034
sloe	245	4.2244	55	2.982
cost	249	4.225	51	2.4706
clef	249	4.225	51	3.1569
loci	244	4.2252	56	2.4464
clop	244	4.2255	56	2.7499
acyl	257	4.2259	43	2.7442
cite	252	4.2261	48	2.4584
sale	239	4.2261	61	3.2295
tide	261	4.2262	39	2.7437
demo	256	4.2263	44	2.7498
alps	247	4.2266	53	2.6416
ogle	247	4.2267	53	2.9811
umps	260	4.2271	40	2.3751
yond	242	4.2272	58	3.9136
peal	255	4.2273	45	2.5555
skit	251	4.2273	49	2.306
resh	255	4.2273	45	2.1779
thou	246	4.2274	54	3.0556
aper	246	4.2275	54	2.4445
wrap	250	4.2277	50	2.4998
dote	246	4.2277	54	3.037
last	250	4.2279	50	2.82
tuba	237	4.228	63	2.381
wean	263	4.2282	37	1.9189
ilks	241	4.2282	59	2.1863
riot	245	4.2283	55	2.0545
lung	258	4.2285	42	2.1191
limn	245	4.2286	55	2.5999
bore	258	4.2286	42	3.4761
mire	249	4.2288	51	3.0392
rime	253	4.2294	47	2.085
eros	231	4.2294	69	3.1015
pact	256	4.2302	44	2.091
peat	260	4.2307	40	1.9
glow	260	4.2307	40	2.4499
moan	260	4.2309	40	2.6498
trek	263	4.2319	37	2.7296
sore	233	4.232	67	2.9701
dray	250	4.232	50	2.0801
suit	241	4.2324	59	3.1188
toad	245	4.2325	55	2.6728
drop	249	4.2329	51	2.1766
wort	240	4.2334	60	2.9666
awns	248	4.2341	52	2.4231
tike	239	4.2343	61	2.1966
ruse	235	4.2343	65	2.8308
okra	243	4.2347	57	2.1404
trap	247	4.2348	53	2.8302
fuel	251	4.2349	49	2.8367
dyes	268	4.235	32	1.8438
open	251	4.2351	49	2.8367
mare	259	4.2352	41	3.0487
luge	255	4.2353	45	2.7111
airy	238	4.2356	62	1.5484
ulna	241	4.2362	59	2.7627
gulf	254	4.2363	46	3.087
tile	254	4.2363	46	2.2173
grid	257	4.2374	43	1.7907
zags	244	4.2375	56	3.5
turn	252	4.238	48	2.5833
repo	260	4.2381	40	2.3499
worm	256	4.2381	44	2.3864
plod	252	4.2382	48	2.6251
hasp	256	4.2382	44	2.5229
owns	252	4.2383	48	2.8958
rags	252	4.2385	48	3.25
bats	251	4.2387	49	2.0203
derm	272	4.2387	28	2.0715
caws	234	4.2392	66	2.7273
peso	251	4.2392	49	2.4692
lose	234	4.2395	66	2.2728
pots	250	4.2399	50	2.98
gaol	246	4.24	54	3.2962
lean	250	4.24	50	2.5402
meld	258	4.2401	42	2.643
tams	258	4.2402	42	2.6429
pile	258	4.2403	42	1.9525
meal	270	4.2405	30	2.8666
lyre	241	4.2407	59	1.9831
sway	249	4.2408	51	2.7844
note	245	4.2411	55	3.1456
lest	261	4.2414	39	2.8462
vear	232	4.2414	68	2.7646
dame	252	4.2422	48	2.9166
rust	256	4.2423	44	2.1818
soya	244	4.2423	56	2.6071
rips	260	4.2425	40	2.2251
grin	247	4.243	53	1.6226
calm	255	4.2432	45	2.0888
bent	267	4.2436	33	1.9696
camp	266	4.2442	34	2.441
pity	258	4.2443	42	2.1906
cast	245	4.2447	55	2.5999
wily	241	4.2448	59	2.8473
deli	253	4.2449	47	1.9999
tuna	233	4.2449	67	2.3881
node	249	4.245	51	2.8824
wyes	241	4.2451	59	2.5425
scot	241	4.2451	59	2.3221
fist	253	4.2451	47	2.8509
fans	252	4.2461	48	2.2499
nose	235	4.2467	65	2.7232
lobs	251	4.2468	49	2.4083
pool	247	4.2472	53	2.1699
stun	242	4.2478	58	2.7414
tare	250	4.2479	50	2.84
came	246	4.2479	54	2.1111
pals	254	4.248	46	2.3261
sire	254	4.248	46	2.0001
path	254	4.2482	46	2.4564
tron	254	4.2483	46	3.1957
mice	253	4.249	47	3.4896
ices	237	4.2491	63	1.9365
pace	248	4.2498	52	2.8077
warn	244	4.25	56	2.0178
tine	248	4.25	52	2.3462
surf	248	4.2501	52	2.1923
soil	252	4.2501	48	2.2916
neck	255	4.2507	45	3.2224
beth	251	4.2508	49	2.7143
kuna	235	4.251	65	2.5384
puns	251	4.251	49	1.8571
doer	251	4.251	49	2.2858
dust	255	4.2511	45	3.5555
reap	255	4.2512	45	2.1112
bout	250	4.2519	50	2.06
nibs	242	4.2521	58	3.7068
hose	246	4.2522	54	2.6297
hole	238	4.2523	62	1.5484
hear	257	4.2528	43	2.0232
tore	245	4.2528	55	2.7453
buns	257	4.2528	43	2.2327
whoa	249	4.2531	51	2.6273
flit	257	4.2532	43	2.5115
sung	245	4.2532	55	2.7819
pads	241	4.2534	59	2.2881
west	264	4.2536	36	2.9167
bard	260	4.2536	40	1.975
fend	260	4.2539	40	2.4251
cram	256	4.2539	44	2.8182
hard	264	4.254	36	2.8889
cold	248	4.2541	52	3.1921
wolf	248	4.2543	52	1.7499
mind	256	4.2543	44	2.2728
yuan	236	4.2545	64	2.3438
pend	267	4.2547	33	1.5151
slam	251	4.2549	49	2.6736
cads	259	4.2549	41	2.2196
posy	251	4.2549	49	2.204
bred	239	4.2553	61	2.4099
lets	251	4.2553	49	2.9182
leap	235	4.2555	65	2.9538
logs	239	4.2555	61	2.6887
page	239	4.2555	61	2.918
lewd	262	4.2557	38	2.5264
rate	242	4.256	58	2.7069
tops	246	4.2561	54	2.611
ride	242	4.2562	58	2.9654
rein	250	4.2563	50	1.8799
omen	238	4.2565	62	3.5483
aims	261	4.2568	39	1.9744
trio	249	4.2568	51	3.1764
soft	253	4.2569	47	2.2978
pale	253	4.257	47	2.6383
mule	257	4.257	43	2.8607
cuts	249	4.2571	51	2.8824
gnus	241	4.2572	59	2.7458
thin	249	4.2573	51	2.8235
read	260	4.2577	40	3.4002
yaps	260	4.2578	40	2.4
lamb	256	4.258	44	2.409
math	256	4.258	44	2.4545
lads	244	4.2583	56	2.6965
toms	259	4.2587	41	1.4634
ores	251	4.2589	49	2.898
yoke	228	4.259	72	2.7917
debt	270	4.2591	30	3.4333
lair	239	4.2592	61	2.2295
thru	239	4.2593	61	2.0982
yean	239	4.2595	61	2.4753
gilt	254	4.2598	46	2.8042
curb	250	4.2598	50	2.44
leks	231	4.26	69	2.5507
barn	265	4.26	35	3.0
lank	246	4.2601	54	3.0185
guts	250	4.2602	50	2.8401
girn	250	4.2602	50	2.9999
kiln	246	4.2604	54	1.8333
clot	257	4.2604	43	2.6278
opts	257	4.2606	43	2.8138
bear	265	4.2606	35	2.2571
defy	253	4.2608	47	3.1703
amen	253	4.2609	47	3.3828
silt	257	4.261	43	2.2789
tsar	253	4.2612	47	2.7873
bits	260	4.2613	40	2.925
only	260	4.2614	40	2.075
like	241	4.2614	59	2.9493
gnar	256	4.2617	44	2.4774
gems	263	4.2624	37	3.0811
drey	236	4.2625	64	3.625
pets	255	4.2627	45	2.1776
chew	255	4.2627	45	3.3778
yelm	251	4.263	49	2.3265
lint	247	4.2631	53	2.3585
prim	266	4.2632	34	2.3825
dorm	270	4.2632	30	3.9333
tech	247	4.2633	53	2.3208
suer	262	4.2635	38	1.5526
snip	262	4.2636	38	2.0526
yang	254	4.2636	46	3.1085
smut	258	4.2636	42	3.0475
nils	254	4.2637	46	2.1956
part	269	4.2641	31	2.2903
pion	254	4.2642	46	2.5001
shed	246	4.2643	54	2.5
tars	253	4.2649	47	2.5956
glum	257	4.2649	43	3.186
gabs	256	4.2655	44	2.2954
true	252	4.2657	48	2.4585
lone	237	4.2658	63	2.6508
tern	256	4.2658	44	2.2728
tips	252	4.2658	48	2.1875
neap	248	4.2661	52	2.5386
used	244	4.2662	56	2.5894
ails	225	4.2666	75	2.7733
spar	255	4.2667	45	1.8888
cams	247	4.267	53	2.2452
sera	236	4.2671	64	2.828
user	228	4.2675	72	2.9026
then	247	4.2675	53	2.9622
dram	269	4.2676	31	2.4194
rend	250	4.2679	50	2.1
card	250	4.2681	50	2.4201
tarn	261	4.2682	39	2.436
pats	261	4.2682	39	2.641
earn	250	4.2682	50	2.1601
shoe	235	4.2682	65	2.1999
glue	246	4.2683	54	2.6111
cage	242	4.2686	58	2.8793
trip	253	4.2688	47	2.6172
slay	249	4.2691	51	2.4706
mute	249	4.2692	51	2.1176
ends	245	4.2692	55	2.8364
flan	241	4.2697	59	1.966
spun	259	4.2701	41	2.1219
toys	248	4.2702	52	3.0
fear	244	4.2702	56	2.4644
anon	248	4.2703	52	2.2308
self	255	4.2704	45	2.3778
rest	259	4.2704	41	2.244
gold	244	4.2707	56	1.1964
mast	251	4.2708	49	2.7757
bald	247	4.2709	53	1.9056
dork	262	4.2709	38	1.8159
knit	251	4.2711	49	2.4692
lake	243	4.2717	57	3.3685
acre	261	4.2718	39	2.9742
muse	261	4.2719	39	2.564
ring	246	4.2722	54	2.4631
posh	250	4.2723	50	1.6799
pole	242	4.2724	58	2.7242
moth	253	4.2726	47	2.4892
pled	260	4.273	40	2.5249
auto	238	4.2731	62	2.5806
yore	238	4.2732	62	2.4032
cubs	245	4.2734	55	2.982
tabs	263	4.2736	37	2.0541
isle	248	4.2739	52	2.4615
lisp	259	4.2743	41	2.8782
dirt	259	4.2743	41	2.9023
sunk	244	4.2746	56	2.9108
corn	244	4.2746	56	3.375
mens	258	4.2754	42	4.0951
apes	250	4.2757	50	2.4
cons	250	4.2759	50	2.3601
pans	257	4.2762	43	2.7443
aloe	246	4.2765	54	2.9999
lamp	253	4.2765	47	3.0853
feat	253	4.2765	47	2.8509
wend	253	4.2767	47	2.1063
pair	249	4.277	51	3.0196
port	260	4.277	40	2.675
dewy	242	4.2771	58	2.431
arks	238	4.2772	62	3.0806
idol	245	4.2775	55	1.9819
zigs	234	4.2778	66	1.7273
from	259	4.2779	41	2.6586
veil	241	4.2781	59	2.8305
tamp	266	4.2781	34	0.8235
yerk	248	4.2782	52	2.3846
nobs	259	4.2782	41	2.9268
bail	248	4.2783	52	1.5192
rail	248	4.2783	52	2.0962
send	255	4.2783	45	2.5333
mead	255	4.2785	45	2.8001
boar	237	4.2786	63	3.5398
same	244	4.2788	56	2.6427
king	251	4.2789	49	2.8163
sail	240	4.279	60	2.8835
buds	258	4.2791	42	2.0237
worn	247	4.2792	53	2.9998
rude	247	4.2793	53	2.8489
yams	247	4.2794	53	3.3962
lira	236	4.2794	64	2.922
boys	254	4.2795	46	2.4348
pert	254	4.2796	46	3.0217
ales	243	4.2797	57	3.6668
spur	261	4.2797	39	2.6923
gent	261	4.2797	39	3.5639
abet	257	4.2804	43	2.9303
ires	246	4.2804	54	3.4998
vend	246	4.2805	54	3.5742
whim	253	4.2807	47	2.7023
bite	256	4.2809	44	2.6589
mews	253	4.2809	47	2.7023
rued	242	4.281	58	2.4654
glob	249	4.2812	51	2.1962
bars	249	4.2813	51	3.098
kits	256	4.2813	44	2.1136
term	270	4.2813	30	1.0667
flip	256	4.2814	44	3.8865
hump	249	4.2814	51	3.0195
tome	256	4.2814	44	1.909
hang	252	4.2815	48	2.8335
lord	252	4.2816	48	3.9167
pant	262	4.282	38	2.8949
dune	241	4.2821	59	3.3898
hots	248	4.2823	52	2.5963
rout	248	4.2826	52	2.2498
mend	255	4.2827	45	1.7111
torn	251	4.2827	49	2.2858
flew	251	4.2827	49	2.3265
mate	251	4.2829	49	2.6735
take	240	4.2832	60	2.9
mail	247	4.2834	53	2.3964
urns	247	4.2834	53	2.2453
dire	254	4.2836	46	1.3261
beta	247	4.2836	53	3.2643
perm	261	4.2837	39	3.4357
hoed	250	4.2838	50	1.86
lane	236	4.2838	64	2.8594
dawn	257	4.2839	43	2.3722
etas	236	4.2839	64	3.1249
bugs	246	4.2845	54	2.648
gods	246	4.2846	54	3.0924
yipe	256	4.2849	44	2.7727
mole	242	4.285	58	1.8965
belt	252	4.2855	48	2.646
lack	252	4.2855	48	2.604
hams	259	4.2857	41	2.9026
rigs	252	4.2857	48	2.2709
scry	245	4.2858	55	2.8907
goes	241	4.2859	59	2.2374
mays	234	4.286	66	2.2879
yoga	241	4.2861	59	2.2204
unto	255	4.2862	45	2.6
alms	248	4.2862	52	2.7692
aryl	234	4.2862	66	2.8333
diet	262	4.2863	38	2.2631
aril	241	4.2864	59	2.6102
stud	248	4.2864	52	2.827
slur	251	4.2866	49	2.592
fold	251	4.2867	49	2.0816
calf	251	4.2867	49	2.3878
amps	248	4.2867	52	2.7114
fate	244	4.2867	56	2.6251
lain	237	4.2869	63	3.1589
halo	254	4.2873	46	2.3262
code	247	4.2874	53	2.1699
icer	233	4.2875	67	2.9551
rand	264	4.2875	36	3.1387
lugs	257	4.2876	43	3.4417
talc	271	4.2877	29	1.862
mile	247	4.2878	53	2.7924
golf	250	4.2879	50	2.22
marl	257	4.288	43	2.2327
yuks	250	4.2881	50	3.28
rain	243	4.2881	57	2.6667
porn	246	4.2883	54	2.3887
lips	260	4.2883	40	2.6498
ribs	239	4.2884	61	2.8033
rush	260	4.2887	40	2.7499
such	246	4.2887	54	3.2038
soup	246	4.2888	54	1.7222
clod	270	4.2889	30	2.0667
hope	249	4.289	51	2.3335
hers	249	4.2891	51	2.4508
duct	249	4.2892	51	2.8433
pure	256	4.2892	44	2.0228
done	249	4.2893	51	2.0783
sard	259	4.2894	41	2.5367
past	252	4.2895	48	3.1876
into	245	4.2895	55	2.0182
lari	238	4.2898	62	2.5806
gene	238	4.2898	62	1.8549
lade	252	4.2899	48	3.6667
pelt	269	4.2899	31	2.6773
coup	238	4.2902	62	3.2097
else	251	4.2905	49	3.1224
cans	251	4.2906	49	2.592
awes	241	4.2906	59	3.0341
yeah	248	4.2907	52	2.9038
root	251	4.2909	49	2.6736
soot	237	4.2911	63	2.3651
dean	247	4.2915	53	2.2452
gasp	264	4.2916	36	3.2221
yelp	257	4.2916	43	2.186
pane	257	4.2917	43	2.7442
cods	243	4.2919	57	2.772
chin	250	4.2919	50	2.4
newt	247	4.2919	53	2.3964
ward	243	4.2922	57	2.2455
wons	250	4.2922	50	1.6599
taus	243	4.2923	57	2.614
tour	250	4.2923	50	2.4399
raws	246	4.2927	54	3.2591
anus	239	4.2928	61	2.4261
hilt	256	4.2929	44	2.3638
gain	249	4.293	51	2.8235
lark	249	4.293	51	2.6275
pore	249	4.2931	51	2.9802
slog	259	4.2933	41	2.7318
yeas	242	4.2934	58	2.3794
dabs	266	4.2935	34	3.0882
slim	262	4.2936	38	3.2632
pork	252	4.2936	48	3.2917
balm	262	4.2938	38	2.8947
kale	252	4.2939	48	3.3125
pour	248	4.294	52	2.7308
outs	245	4.294	55	2.1818
dose	238	4.2943	62	3.2903
vela	248	4.2943	52	1.827
sage	258	4.2946	42	1.8571
dole	251	4.2948	49	3.1429
farm	258	4.2948	42	2.8096
kaon	244	4.2949	56	2.0535
lady	254	4.2952	46	3.0651
reed	254	4.2953	46	2.3042
seta	247	4.2953	53	2.6416
blur	254	4.2954	46	2.2173
bias	237	4.2954	63	2.3491
robe	257	4.2956	43	2.4187
swam	257	4.2956	43	1.9767
wins	237	4.2957	63	2.5556
cane	260	4.296	40	2.4749
bale	246	4.2966	54	1.9999
sand	263	4.2966	37	3.0811
nail	246	4.2966	54	2.4631
bead	256	4.297	44	2.0681
onyx	239	4.2971	61	2.2132
dots	249	4.2973	51	2.1961
ripe	259	4.2975	41	3.1461
cope	252	4.2975	48	2.7292
lute	252	4.2976	48	3.0626
arcs	252	4.2976	48	2.2082
dins	252	4.2977	48	1.7708
mine	252	4.2977	48	2.7083
maid	245	4.2981	55	2.2001
sole	245	4.2981	55	3.2727
crew	265	4.2982	35	2.6856
laze	238	4.2982	62	3.0161
bogs	248	4.2982	52	2.2307
trim	258	4.2984	42	2.2143
tone	248	4.2985	52	2.8462
also	241	4.2987	59	2.8645
bris	251	4.2987	49	2.8774
cowl	251	4.2988	49	2.8572
pest	261	4.299	39	1.7437
pray	244	4.2991	56	2.1072
fuki	234	4.2992	66	2.1666
bole	247	4.2995	53	3.2265
berk	247	4.2996	53	1.9624
pike	247	4.2996	53	2.7736
sled	257	4.2998	43	2.7443
yips	250	4.2999	50	1.9999
dews	250	4.3	50	2.3799
rash	250	4.3	50	2.98
lien	243	4.3001	57	2.0876
tend	263	4.3003	37	2.7567
ditz	253	4.3003	47	2.9363
clag	253	4.3004	47	2.83
byes	246	4.3006	54	3.6111
nosy	256	4.3006	44	1.7045
bone	246	4.3008	54	2.1665
wart	256	4.3009	44	2.3409
lash	249	4.3012	51	2.1568
pica	249	4.3014	51	2.0
dhow	252	4.3017	48	1.6667
base	245	4.3018	55	2.2545
road	258	4.3021	42	2.3809
tier	245	4.3022	55	3.1092
weak	258	4.3023	42	2.619
goal	238	4.3025	62	2.3548
waly	261	4.3026	39	2.795
rams	261	4.3026	39	2.9486
snob	261	4.3027	39	2.6155
than	254	4.3027	46	2.6305
gyne	251	4.3029	49	3.1226
awol	254	4.303	46	3.0436
blue	244	4.3034	56	2.5177
weld	257	4.3034	43	3.1395
foul	257	4.3035	43	2.9999
fond	260	4.3035	40	2.3499
rage	247	4.3037	53	3.7168
ides	250	4.3039	50	3.4201
rite	260	4.3039	40	3.0752
elms	253	4.3041	47	3.2553
dons	240	4.3041	60	2.2168
slot	250	4.3042	50	1.8799
sing	253	4.3043	47	2.6809
owed	266	4.3044	34	2.2941
hawk	243	4.3045	57	3.3859
rife	240	4.3046	60	2.4168
gets	256	4.3047	44	2.0455
soap	243	4.3047	57	2.1227
sawn	252	4.3051	48	2.2709
mock	246	4.3051	54	3.4445
flue	226	4.3052	74	2.811
coin	226	4.3053	74	2.2568
hewn	249	4.3054	51	2.0588
stag	262	4.3054	38	2.842
raps	252	4.3055	48	2.2916
huge	242	4.3057	58	2.8793
list	265	4.3058	35	3.3429
push	255	4.3059	45	2.3556
paid	235	4.3061	65	2.3231
spat	258	4.3064	42	2.5
cots	251	4.3064	49	2.592
gray	248	4.3065	52	2.4425
oils	248	4.3065	52	2.4231
bras	248	4.3065	52	2.0577
drip	261	4.3066	39	2.8973
nips	248	4.3067	52	2.6924
sank	251	4.3071	49	3.0202
heir	244	4.3074	56	2.4644
deaf	244	4.3074	56	2.5177
snag	247	4.3075	53	2.0377
wild	260	4.3077	40	2.3001
pope	231	4.3077	69	2.5943
shop	260	4.3078	40	2.5499
talk	244	4.3078	56	2.3927
bops	260	4.3079	40	3.15
toed	247	4.308	53	2.3019
play	250	4.3081	50	3.2802
ills	240	4.3083	60	2.6667
blat	253	4.3083	47	3.4043
dare	253	4.3083	47	3.1489
aids	240	4.3085	60	2.8168
nays	240	4.3085	60	2.2668
silo	233	4.309	67	3.388
zori	246	4.3091	54	2.7592
cole	246	4.3092	54	2.2779
gown	249	4.3093	51	2.8235
lags	252	4.3094	48	2.6459
hops	249	4.3095	51	2.0
earl	252	4.3095	48	2.5833
cyst	252	4.3096	48	3.5626
clip	255	4.3098	45	2.2444
stew	255	4.3099	45	1.8443
sour	242	4.31	58	2.776
stem	258	4.3101	42	2.8332
help	261	4.3102	39	2.5127
rode	245	4.3104	55	2.2727
lows	248	4.3104	52	2.7308
corm	267	4.3105	33	2.909
bums	251	4.3107	49	3.102
lush	251	4.3107	49	3.0815
dupe	251	4.3108	49	2.2449
wire	251	4.3109	49	2.592
vein	238	4.3109	62	1.9515
inch	244	4.3112	56	2.1784
tyke	241	4.3112	59	3.1696
emit	244	4.3113	56	2.3572
lust	247	4.3114	53	1.8113
zein	244	4.3115	56	2.2501
yawl	244	4.3117	56	2.6251
dint	253	4.3121	47	2.1914
sang	253	4.3122	47	2.9574
disk	247	4.3122	53	3.1132
cups	253	4.3123	47	2.6383
toga	253	4.3124	47	2.6172
foes	246	4.3126	54	2.3704
mite	252	4.3133	48	2.2082
gait	236	4.3134	64	2.625
gird	268	4.3134	32	3.0623
rule	252	4.3136	48	4.1042
flaw	249	4.3136	51	3.3138
stay	249	4.3136	51	2.4509
crop	261	4.3138	39	3.1282
yews	239	4.3138	61	2.7706
yoni	242	4.3139	58	2.2069
orca	245	4.3142	55	1.8545
find	261	4.3142	39	2.4871
pout	251	4.3149	49	3.1429
bolt	251	4.315	49	2.449
drum	260	4.3151	40	1.975
spin	257	4.3152	43	3.8142
pubs	263	4.3154	37	3.5948
jump	241	4.3154	59	2.4238
step	260	4.3155	40	2.2
tied	257	4.3155	43	2.9766
gear	234	4.316	66	2.3333
mans	253	4.316	47	2.7023
snit	256	4.3162	44	2.2499
risk	237	4.3164	63	1.9205
pith	253	4.3165	47	2.149
mown	253	4.3165	47	2.6594
doth	246	4.3169	54	2.6111
crag	243	4.317	57	2.7719
lept	252	4.3173	48	3.0
cart	252	4.3174	48	2.8958
want	252	4.3175	48	3.0626
chis	258	4.3175	42	3.0952
pews	258	4.3176	42	3.857
vamp	252	4.3176	48	3.2083
dove	236	4.3177	64	2.4375
prod	274	4.3177	26	2.4231
knot	258	4.3178	42	2.0714
cant	252	4.3178	48	2.0833
aped	261	4.3179	39	2.641
mars	236	4.3179	64	2.9531
awls	239	4.3181	61	2.4918
bide	248	4.3183	52	2.7886
pied	245	4.3184	55	2.7818
shew	251	4.3186	49	3.1429
rosy	251	4.3187	49	2.7551
tank	257	4.3189	43	2.372
busk	257	4.3189	43	3.2325
hews	260	4.3192	40	2.1249
cord	260	4.3194	40	3.0752
kelp	244	4.3195	56	2.5001
down	247	4.3195	53	1.6793
idea	247	4.3197	53	3.0943
brie	247	4.3197	53	2.1697
bode	250	4.3198	50	3.14
hymn	253	4.3202	47	2.3618
coal	250	4.3203	50	3.1
lube	262	4.3203	38	2.9475
lame	256	4.3204	44	2.8636
host	240	4.3206	60	2.4
lave	237	4.3206	63	3.1587
swan	237	4.3206	63	2.2381
kine	234	4.3207	66	2.4395
fade	246	4.3208	54	3.4813
roan	243	4.3209	57	2.9297
fake	240	4.321	60	1.9667
file	243	4.321	57	2.8597
cloy	249	4.3211	51	2.549
dice	252	4.3212	48	3.021
yank	252	4.3215	48	2.854
plus	252	4.3215	48	2.8751
acne	242	4.322	58	2.6724
went	254	4.3224	46	2.087
upon	242	4.3224	58	2.6552
sere	248	4.3225	52	2.4614
pate	251	4.3225	49	2.449
rank	251	4.3226	49	2.2042
carp	257	4.3227	43	2.8607
silk	254	4.3228	46	2.4349
pint	254	4.3228	46	2.0653
fall	229	4.3231	71	2.4789
slum	260	4.3233	40	1.4
drew	257	4.3233	43	3.0466
flax	238	4.3235	62	2.2741
teem	247	4.3236	53	2.3209
furl	244	4.3236	56	2.5714
bran	247	4.3237	53	2.6603
lite	247	4.3238	53	1.7547
easy	244	4.3238	56	2.5894
move	247	4.3239	53	2.736
rial	253	4.324	47	2.0214
paws	247	4.324	53	2.1886
fens	244	4.324	56	2.3927
bird	250	4.3241	50	2.4
vets	250	4.3242	50	2.6799
guns	240	4.3249	60	3.0832
gunk	249	4.325	51	3.0393
mods	243	4.325	57	1.9298
leer	240	4.325	60	2.9835
rear	243	4.3251	57	2.7544
lard	249	4.3253	51	2.4119
drib	252	4.3253	48	3.4169
tans	246	4.3254	54	3.2779
runs	252	4.3255	48	2.8124
wets	258	4.3255	42	2.4762
swop	252	4.3255	48	3.0833
pugs	255	4.3257	45	3.4667
bond	258	4.3258	42	2.8096
them	258	4.3258	42	2.3809
once	233	4.326	67	2.0598
suet	233	4.3261	67	2.8954
head	251	4.3263	49	3.4491
poky	239	4.3265	61	2.3772
vole	236	4.3265	64	2.0936
dibs	245	4.3265	55	2.5455
levs	248	4.3265	52	2.7308
rums	245	4.3266	55	2.2726
bens	245	4.3266	55	2.5272
gash	254	4.3266	46	3.0217
volt	254	4.3266	46	2.0218
cued	251	4.3266	49	2.4898
mope	257	4.3267	43	2.6512
bags	254	4.3268	46	3.5002
tube	254	4.3268	46	2.5216
coma	251	4.3268	49	2.9795
crap	254	4.327	46	2.9567
rift	260	4.3271	40	2.8751
woes	235	4.3274	65	2.1232
aide	232	4.3277	68	2.6469
kite	244	4.3277	56	2.9464
poem	247	4.3277	53	2.566
ogre	241	4.3278	59	2.6102
sued	250	4.3278	50	2.06
lilt	235	4.3278	65	2.7076
urge	238	4.3279	62	2.629
iamb	241	4.3279	59	2.2204
clue	241	4.328	59	2.7458
roil	247	4.328	53	3.1888
alto	253	4.328	47	2.1702
duty	247	4.328	53	2.5282
ably	256	4.3281	44	2.7047
salt	250	4.3282	50	2.14
pies	259	4.3283	41	2.805
gust	265	4.3284	35	2.0571
howl	243	4.329	57	2.1755
edit	246	4.3291	54	1.6482
nope	240	4.3291	60	2.8835
bane	240	4.3292	60	2.8501
loud	255	4.3292	45	2.8
ties	252	4.3292	48	2.3334
hail	249	4.3293	51	2.9215
hurl	258	4.3293	42	1.8095
yolk	246	4.3294	54	2.7962
yaks	249	4.3294	51	3.353
sagy	252	4.3294	48	2.6251
arms	252	4.3296	48	2.6251
wars	258	4.3296	42	1.9525
hide	255	4.3296	45	2.3334
sump	252	4.3296	48	2.8959
sped	258	4.3297	42	2.7857
whip	261	4.3297	39	2.8973
slap	264	4.3297	36	2.0
tiny	258	4.3298	42	2.2143
cape	236	4.3304	64	3.2033
puny	236	4.3305	64	2.4375
burn	248	4.3306	52	3.3271
colt	251	4.3306	49	2.8164
cent	263	4.3307	37	2.5404
leus	248	4.3307	52	3.3271
hold	257	4.3307	43	2.9537
weal	251	4.3308	49	2.6326
fink	248	4.3308	52	2.9037
coat	242	4.3308	58	2.1898
deft	263	4.3308	37	2.6755
wasp	257	4.3309	43	3.2094
duke	245	4.3309	55	3.0729
numb	257	4.3309	43	2.7443
floe	247	4.3317	53	2.2642
tics	253	4.3318	47	2.6809
flay	250	4.3318	50	1.8
lore	241	4.3319	59	2.0507
sane	253	4.3319	47	2.3192
dunk	247	4.3319	53	1.9246
loaf	241	4.3319	59	2.4236
curd	247	4.332	53	2.3774
hubs	232	4.3321	68	2.9705
much	244	4.3321	56	2.0178
lies	231	4.3331	69	3.0291
wren	252	4.3331	48	2.2292
cats	249	4.3332	51	2.7253
rake	258	4.3333	42	3.1192
slit	258	4.3333	42	2.5237
hits	249	4.3333	51	3.3138
eons	237	4.3333	63	3.2222
ired	249	4.3334	51	1.5686
jobs	246	4.3334	54	2.0741
akin	243	4.3335	57	2.544
dung	237	4.3335	63	3.0952
yurt	252	4.3335	48	2.4373
fibs	246	4.3337	54	2.8704
gush	245	4.3345	55	2.7818
berm	251	4.3345	49	3.3471
sumo	257	4.3345	43	2.5115
skew	254	4.3346	46	2.0653
ohms	257	4.3346	43	2.186
oafs	245	4.3348	55	2.6365
duly	245	4.3348	55	2.4001
taco	239	4.3348	61	3.4427
mint	257	4.3349	43	1.7209
hike	248	4.3349	52	2.2886
ship	257	4.3351	43	3.3254
yird	262	4.3358	38	2.1053
ynal	241	4.3359	59	2.7797
anal	229	4.3359	71	3.0704
girl	253	4.3359	47	2.1063
fads	250	4.3359	50	2.3601
film	259	4.3359	41	2.2194
beds	247	4.336	53	2.6226
gape	241	4.336	59	3.7968
knar	244	4.336	56	1.4999
lirk	259	4.336	41	3.1461
pink	262	4.336	38	2.842
delf	256	4.3361	44	2.7726
crab	262	4.3361	38	1.1578
dope	247	4.3361	53	1.8113
rose	244	4.3361	56	1.9465
lobe	238	4.3362	62	2.5485
veal	244	4.3362	56	3.5536
dips	259	4.3362	41	3.1952
what	250	4.3363	50	2.3001
arch	253	4.3363	47	1.4681
ayes	241	4.3363	59	3.3559
herd	264	4.3368	36	3.472
dime	252	4.3371	48	2.0208
holy	267	4.3371	33	2.4242
wept	249	4.3371	51	2.902
loft	255	4.3371	45	2.5777
must	249	4.3371	51	2.2548
levy	243	4.3372	57	2.7544
tale	249	4.3373	51	3.3138
plea	249	4.3374	51	1.8235
hark	249	4.3374	51	2.1766
dull	240	4.3375	60	2.6667
grit	261	4.3375	39	2.9231
aces	237	4.3375	63	2.365
tilt	243	4.3376	57	2.1929
molt	252	4.3376	48	2.4166
yaup	234	4.3378	66	2.1971
dine	243	4.3379	57	2.5263
kats	245	4.3385	55	2.491
stir	257	4.3386	43	2.2326
drub	254	4.3387	46	3.6522
menu	245	4.3387	55	2.5999
kips	248	4.3388	52	3.0769
visa	239	4.3388	61	2.8034
flex	248	4.3388	52	2.6346
shwa	254	4.3389	46	2.413
ells	230	4.339	70	2.6
pail	242	4.3392	58	2.3621
size	242	4.3392	58	2.4654
drag	262	4.3396	38	2.5001
pelf	262	4.3397	38	2.7105
awed	259	4.3397	41	2.7318
dart	253	4.3398	47	2.2978
poke	250	4.3398	50	2.1999
coed	253	4.3399	47	2.9788
spam	256	4.3399	44	2.091
rind	250	4.34	50	2.9199
rood	241	4.3401	59	1.966
lode	247	4.3401	53	2.1699
maws	250	4.3401	50	1.9799
barf	247	4.3401	53	2.5471
yuck	247	4.3402	53	2.2642
omni	238	4.3404	62	2.6453
vows	244	4.3404	56	2.5534
brad	264	4.3407	36	2.4723
lift	261	4.3408	39	2.8973
bend	258	4.341	42	2.238
baht	249	4.3412	51	2.8433
sewn	252	4.3413	48	2.771
many	258	4.3413	42	2.5
edgy	249	4.3413	51	2.5688
refs	249	4.3413	51	2.3724
siku	252	4.3413	48	2.3541
grew	246	4.3413	54	1.926
plan	252	4.3414	48	3.2917
ugly	252	4.3414	48	2.75
tape	249	4.3414	51	2.0588
gone	246	4.3415	54	3.1851
yaud	246	4.3415	54	2.2408
gave	246	4.3416	54	2.6853
hoar	240	4.3416	60	2.4833
neon	237	4.3416	63	3.3016
flow	243	4.3417	57	2.5963
owly	243	4.3417	57	2.7895
fees	228	4.3418	72	3.1944
limy	263	4.342	37	2.7026
side	251	4.3424	49	2.694
stye	251	4.3424	49	1.8776
gyms	254	4.3426	46	2.1521
guys	251	4.3427	49	2.6325
maps	251	4.3427	49	3.4899
emir	245	4.3428	55	2.6545
revs	245	4.3428	55	2.3819
leaf	248	4.3429	52	1.9423
cafe	239	4.343	61	2.1147
odes	245	4.343	55	2.6909
punk	265	4.3435	35	2.4857
pyre	250	4.3436	50	2.4602
mash	256	4.3437	44	1.909
font	256	4.3438	44	2.5227
pits	259	4.3439	41	1.9025
wane	253	4.3439	47	1.4681
song	247	4.3439	53	2.6794
hero	250	4.3439	50	2.9598
bony	253	4.3439	47	2.7023
laps	256	4.344	44	1.75
thud	250	4.3442	50	2.5401
cask	247	4.3443	53	2.717
scud	264	4.3448	36	1.4445
gimp	261	4.3449	39	2.1281
rove	232	4.3449	68	3.0002
kind	261	4.3449	39	3.1538
tuck	255	4.3452	45	2.1776
ream	249	4.3454	51	2.6862
poet	249	4.3455	51	2.0783
city	246	4.3456	54	2.2963
toke	237	4.346	63	2.6667
pang	260	4.3462	40	3.4501
thaw	257	4.3462	43	2.9068
rang	263	4.3463	37	2.1081
kern	257	4.3464	43	3.4652
wake	228	4.3464	72	1.861
slid	257	4.3465	43	2.372
mean	257	4.3465	43	2.7209
bake	245	4.347	55	2.9091
yald	245	4.347	55	2.9636
warp	256	4.3474	44	2.1136
peak	259	4.3474	41	2.3415
nabs	259	4.3477	41	2.561
shim	253	4.348	47	2.1915
wipe	253	4.348	47	2.6596
oust	247	4.348	53	1.9623
caps	244	4.3481	56	3.1252
zarf	247	4.3481	53	2.3774
sigh	253	4.3482	47	2.6594
glen	244	4.3483	56	2.4644
swag	241	4.3483	59	2.7457
very	244	4.3484	56	2.5358
ruin	241	4.3484	59	2.8984
spud	258	4.3487	42	2.4763
cwms	258	4.3488	42	2.0476
pita	258	4.3489	42	1.6191
wile	235	4.349	65	2.9848
oily	249	4.3491	51	3.2941
urea	235	4.3491	65	2.5384
firs	252	4.3492	48	2.4166
vile	235	4.3492	65	2.4923
stop	255	4.3494	45	2.7335
wide	263	4.3495	37	2.2972
loss	229	4.3496	71	2.5071
make	246	4.3496	54	2.7037
cake	240	4.3499	60	2.6
sone	243	4.35	57	2.3157
atop	257	4.3501	43	2.6976
land	257	4.3503	43	2.6278
prey	251	4.3505	49	2.7144
draw	251	4.3505	49	2.5104
hung	251	4.3506	49	2.347
daub	248	4.3508	52	2.1153
mops	248	4.3508	52	2.8462
vats	245	4.3512	55	2.6728
oaks	242	4.3512	58	2.6381
blog	259	4.3514	41	2.2926
elix	239	4.3515	61	1.5739
fora	239	4.3515	61	2.8362
pleb	253	4.3517	47	1.5532
buys	256	4.3517	44	3.8635
dims	253	4.3518	47	2.0637
uric	233	4.3519	67	3.0148
laid	250	4.3519	50	2.2599
sift	247	4.3523	53	3.2452
huts	258	4.3525	42	2.7382
kids	241	4.3526	59	3.0338
pear	255	4.3527	45	3.4889
sock	244	4.3528	56	2.6787
ploy	261	4.3528	39	1.4615
bulk	252	4.353	48	2.7083
cyme	252	4.353	48	3.0831
ears	252	4.3532	48	2.2709
scan	252	4.3533	48	1.6667
arid	249	4.3535	51	3.7647
beak	246	4.3535	54	2.1667
dumb	263	4.3535	37	2.9461
vatu	232	4.3536	68	3.6179
tune	246	4.3538	54	2.1666
barm	257	4.354	43	2.1162
gnaw	243	4.3542	57	2.7368
conk	251	4.3545	49	2.0001
ween	234	4.3546	66	2.1516
area	220	4.3547	80	2.75
plow	251	4.3547	49	2.8981
cyma	248	4.3549	52	2.2307
loch	259	4.3553	41	3.927
foil	245	4.3553	55	3.3818
iota	239	4.3554	61	1.9345
aunt	242	4.3554	58	2.3794
gout	242	4.3554	58	2.8104
vise	253	4.3557	47	2.915
yuga	239	4.3558	61	2.7049
lays	239	4.3558	61	2.7706
lory	250	4.3559	50	3.3999
snub	250	4.3559	50	2.3799
nave	247	4.356	53	1.9056
dear	253	4.3561	47	1.4468
flat	250	4.3562	50	3.5599
eats	244	4.3564	56	2.7679
nerd	258	4.3566	42	2.1666
glad	258	4.3566	42	2.7857
tala	241	4.3568	59	2.3391
iron	244	4.3568	56	3.0537
hare	241	4.3568	59	2.0339
tong	255	4.3569	45	2.3554
kilt	252	4.3569	48	2.7083
pock	252	4.357	48	2.8541
ache	238	4.357	62	3.0969
fled	249	4.3571	51	1.9021
nubs	249	4.3573	51	2.9215
taps	249	4.3574	51	2.6668
pius	249	4.3574	51	2.3138
pays	243	4.3579	57	2.5963
trod	251	4.3584	49	2.1837
imps	254	4.3585	46	2.5868
near	251	4.3586	49	2.1631
twin	248	4.3586	52	2.4615
axel	234	4.3587	66	2.591
line	237	4.3588	63	3.2859
real	245	4.3589	55	1.8363
wind	248	4.3589	52	1.9615
aged	251	4.3589	49	2.9182
mild	259	4.3592	41	1.5366
ergo	242	4.3593	58	2.5862
nest	253	4.3595	47	3.0638
webs	242	4.3595	58	3.1034
puce	245	4.3595	55	2.0544
slob	253	4.3597	47	2.8938
euro	242	4.3597	58	3.1379
fowl	253	4.3597	47	2.085
hags	247	4.3601	53	2.0943
swap	250	4.3601	50	2.72
rubs	250	4.3601	50	2.1199
tubs	261	4.3602	39	4.1025
epic	239	4.3602	61	3.0164
anew	236	4.3602	64	2.5157
opal	236	4.3603	64	2.1876
vale	241	4.3609	59	2.4916
rows	249	4.3614	51	2.647
fire	246	4.3616	54	2.8891
crow	249	4.3616	51	2.2156
raze	246	4.3617	54	3.2963
baud	246	4.3617	54	3.2039
ding	249	4.3617	51	2.3529
haul	235	4.3618	65	2.5385
flap	254	4.3619	46	2.2826
nick	246	4.3619	54	1.5369
dump	254	4.3621	46	2.6087
grab	257	4.3622	43	2.0699
boas	240	4.3623	60	2.55
cash	240	4.3624	60	2.7834
yods	240	4.3624	60	3.0001
save	240	4.3626	60	2.8833
slat	248	4.3626	52	2.9614
mara	243	4.3626	57	1.8421
dzos	248	4.3627	52	2.9423
loam	262	4.3628	38	2.3158
romp	259	4.3629	41	2.8537
ashy	251	4.3629	49	3.102
digs	248	4.3631	52	2.1923
soar	245	4.3631	55	2.4727
hire	248	4.3631	52	2.6346
rays	259	4.3632	41	2.9268
puts	256	4.3632	44	2.1592
shot	259	4.3633	41	2.5852
melt	256	4.3634	44	2.7726
jury	242	4.3634	58	2.793
park	242	4.3637	58	2.1898
albs	250	4.3639	50	3.3802
gift	250	4.3639	50	3.3201
flea	250	4.364	50	3.0001
hays	250	4.3641	50	2.4201
hems	258	4.3641	42	2.4762
knob	255	4.3645	45	2.0888
tows	258	4.3645	42	3.3331
furs	247	4.3646	53	2.4718
axed	236	4.3646	64	3.0
none	222	4.3647	78	2.7691
wauk	236	4.3648	64	3.1095
felt	263	4.3649	37	2.027
item	260	4.365	40	3.9
skin	241	4.3653	59	3.0001
swum	260	4.3654	40	2.8751
shut	249	4.3654	51	2.255
mesa	257	4.3657	43	2.6743
orbs	257	4.3659	43	3.2556
rami	251	4.3664	49	2.8367
coys	232	4.3664	68	2.0735
feud	259	4.3665	41	3.1462
deny	259	4.3667	41	2.3658
deer	240	4.3668	60	3.4667
waxy	237	4.3672	63	2.9681
core	245	4.3673	55	2.291
swat	253	4.3673	47	2.6596
lope	245	4.3674	55	3.7998
ands	256	4.3674	44	2.3636
muck	253	4.3674	47	2.5318
grim	245	4.3674	55	2.7091
cows	242	4.3675	58	2.4483
flab	261	4.3676	39	3.4105
inns	234	4.3676	66	2.1666
irks	242	4.3676	58	2.4828
time	253	4.3677	47	2.5957
damn	261	4.3678	39	2.1027
azym	250	4.3678	50	1.9599
warm	258	4.368	42	2.4763
deck	247	4.3686	53	1.4151
pent	255	4.3687	45	2.9776
made	263	4.3687	37	2.8647
ways	244	4.3688	56	2.6608
rick	255	4.3689	45	2.3111
chad	252	4.3689	48	3.3959
sell	255	4.3689	45	2.5778
hack	241	4.369	59	2.5254
gaze	233	4.369	67	3.403
minx	252	4.369	48	2.9166
wack	241	4.3691	59	2.1527
damp	252	4.3692	48	1.9793
disc	260	4.3692	40	3.05
airs	241	4.3692	59	2.2711
foam	241	4.3694	59	3.0341
bets	252	4.3694	48	4.2711
yule	246	4.3696	54	2.3888
neat	238	4.3696	62	2.5806
band	249	4.3697	51	3.3725
mesh	249	4.3697	51	2.8235
exon	230	4.3698	70	2.6856
forb	257	4.3698	43	2.7209
clad	257	4.3699	43	2.2326
fawn	246	4.3699	54	2.648
both	246	4.37	54	2.6111
seer	238	4.37	62	2.7097
wags	246	4.3702	54	2.648
gobs	243	4.3703	57	2.3507
suck	240	4.3707	60	2.1666
when	248	4.3709	52	1.8655
brin	240	4.3709	60	2.3832
team	256	4.3711	44	3.2728
more	245	4.3711	55	2.5271
yeti	237	4.3712	63	2.8254
thug	253	4.3717	47	2.468
bawd	258	4.372	42	1.381
mill	242	4.372	58	3.1209
wist	250	4.3721	50	3.06
raid	247	4.3723	53	2.9246
coil	239	4.3724	61	1.9835
well	247	4.3724	53	3.0565
polo	239	4.3725	61	2.7706
ruby	247	4.3725	53	2.4341
fray	247	4.3725	53	1.6603
brag	252	4.3726	48	2.4375
whup	255	4.3726	45	3.0444
vape	244	4.3728	56	2.3927
coak	244	4.3729	56	2.4287
wigs	252	4.373	48	2.7915
cusp	260	4.373	40	2.3751
zhos	233	4.3733	67	1.9852
stub	252	4.3733	48	3.2292
star	241	4.3734	59	2.1356
malt	249	4.3735	51	2.5489
bray	249	4.3736	51	3.2352
fret	257	4.3736	43	2.186
kaph	257	4.3736	43	2.3022
sham	249	4.3736	51	2.8038
labs	257	4.3736	43	3.2094
best	246	4.3737	54	3.1851
bank	262	4.3739	38	1.9737
cyan	254	4.374	46	2.5871
dash	246	4.374	54	2.6853
tack	254	4.3743	46	2.6303
tusk	248	4.3746	52	2.0192
dual	243	4.3747	57	3.0526
fang	256	4.3749	44	3.2956
zest	240	4.375	60	1.9
harp	248	4.3751	52	2.7309
zone	224	4.3753	76	2.9868
know	253	4.3756	47	2.5957
brux	245	4.3756	55	3.5091
puke	253	4.3757	47	2.234
teak	242	4.376	58	3.293
dele	242	4.376	58	2.8619
swim	242	4.3762	58	2.3793
onto	239	4.3763	61	2.8362
hips	258	4.3763	42	3.5952
jute	242	4.3763	58	2.069
spot	263	4.3764	37	2.0
jolt	239	4.3767	61	2.2131
each	244	4.3769	56	2.9464
lion	244	4.3772	56	2.4287
link	249	4.3774	51	1.7647
ting	249	4.3774	51	2.7647
pond	249	4.3774	51	3.157
rote	249	4.3775	51	2.4904
fuze	249	4.3776	51	2.3922
next	241	4.3777	59	2.1694
coif	233	4.3778	67	2.1643
nevi	241	4.3778	59	2.4578
egos	246	4.3782	54	3.3333
goer	235	4.3785	65	3.4156
scar	251	4.3785	49	2.4082
mayo	251	4.3785	49	2.6735
cere	243	4.3786	57	3.4912
gums	256	4.3787	44	2.5456
flop	264	4.3788	36	2.0556
zeds	243	4.3788	57	2.7895
ilea	240	4.3789	60	2.9667
coos	235	4.3789	65	2.7384
burp	256	4.3792	44	3.6136
nand	240	4.3792	60	1.5833
keel	240	4.3792	60	2.4168
body	248	4.3792	52	2.173
gyro	248	4.3792	52	2.654
rack	240	4.3793	60	2.0667
love	240	4.3793	60	2.9168
eras	253	4.3794	47	3.4043
fool	237	4.3794	63	2.381
daft	245	4.3794	55	2.0183
yawp	261	4.3794	39	2.5897
scab	245	4.3794	55	2.9455
gyre	253	4.3795	47	2.9999
punt	253	4.3796	47	3.4681
ukes	240	4.3796	60	2.7167
days	245	4.3797	55	2.7274
garb	258	4.3799	42	2.5239
gate	255	4.3801	45	2.6667
bash	250	4.3801	50	1.86
tidy	250	4.3803	50	1.48
burs	247	4.3804	53	2.2454
mask	255	4.3805	45	3.7556
peps	239	4.3807	61	3.5575
uses	231	4.3808	69	2.6233
naut	231	4.3811	69	2.7103
deal	257	4.3813	43	2.3255
thus	257	4.3813	43	1.9767
eked	244	4.3814	56	2.7679
toil	259	4.3821	41	2.0731
owls	259	4.3823	41	2.4146
gnat	251	4.3823	49	2.2858
keys	238	4.3824	62	3.4678
phub	251	4.3824	49	2.653
culm	251	4.3824	49	2.2246
wont	256	4.3826	44	3.2044
faun	243	4.3826	57	2.5263
loot	243	4.3826	57	2.7018
lice	243	4.3828	57	1.8421
blip	261	4.3828	39	3.5898
fine	251	4.3828	49	2.592
avow	243	4.3828	57	2.1404
vies	248	4.3829	52	1.8653
feta	248	4.3832	52	2.5193
bike	248	4.3833	52	2.7886
dell	235	4.3833	65	2.6308
blow	245	4.3834	55	3.7638
buts	240	4.3834	60	2.3334
gild	240	4.3836	60	2.5666
bade	258	4.3836	42	1.8333
nazi	245	4.3837	55	2.4909
coda	250	4.3837	50	2.9002
alum	245	4.3838	55	2.3092
achy	250	4.384	50	3.66
scum	250	4.3841	50	2.6602
spit	263	4.3841	37	3.0002
yelk	242	4.3844	58	3.0174
amok	234	4.3845	66	3.2425
echo	242	4.3846	58	2.7586
wadi	247	4.3847	53	2.4528
ours	226	4.3849	74	2.6757
reak	252	4.385	48	3.3333
phiz	249	4.3853	51	2.3922
glut	262	4.3853	38	2.0263
curl	249	4.3854	51	2.5687
iced	246	4.3861	54	3.2776
pods	251	4.3862	49	2.1429
gala	220	4.3863	80	2.5126
four	238	4.3864	62	2.7418
pigs	256	4.3867	44	1.7727
hics	251	4.3867	49	2.5306
brat	261	4.3868	39	2.3846
bays	248	4.3871	52	3.0385
adze	243	4.3872	57	2.1754
axis	222	4.3873	78	2.654
grip	258	4.3876	42	2.3332
pain	253	4.3876	47	2.9363
amyl	253	4.3876	47	3.085
lace	253	4.3876	47	2.6809
left	245	4.3879	55	2.5818
yowl	250	4.3879	50	3.4602
limb	255	4.3882	45	4.0224
meet	252	4.389	48	2.5207
wade	239	4.3891	61	2.8196
hind	236	4.3896	64	3.1094
hint	249	4.3897	51	3.2549
nice	259	4.3899	41	3.0488
nape	241	4.39	59	2.1864
owes	246	4.3902	54	2.3519
july	246	4.3902	54	2.352
tofu	241	4.3902	59	1.9492
burl	246	4.3903	54	3.1668
dogs	246	4.3904	54	3.2779
laws	251	4.3904	49	2.8164
ahem	246	4.3905	54	2.8891
idle	256	4.3905	44	1.909
busy	256	4.3907	44	2.9773
some	243	4.3907	57	2.2984
hurt	251	4.3907	49	2.7959
atom	243	4.391	57	2.263
smit	261	4.3911	39	2.1794
pins	266	4.3912	34	2.3529
vest	248	4.3912	52	2.827
sine	253	4.3912	47	1.8723
fort	253	4.3914	47	3.1915
tyro	253	4.3914	47	2.1489
lawn	258	4.3915	42	2.0237
pass	245	4.3918	55	2.3454
soli	245	4.3918	55	1.6364
ruts	255	4.392	45	2.4223
hour	232	4.3922	68	3.0589
sulk	250	4.3922	50	1.86
pier	250	4.3922	50	2.4
oxes	232	4.3923	68	2.9118
afar	237	4.3923	63	2.9364
claw	237	4.3924	63	2.4127
wick	247	4.3925	53	2.2642
acid	247	4.3925	53	2.132
gawk	265	4.3928	35	2.7144
cops	252	4.3928	48	2.7915
feds	247	4.3928	53	2.5096
frog	252	4.3929	48	2.375
bark	262	4.3929	38	2.0526
plug	262	4.3932	38	3.0525
wail	244	4.3933	56	2.8751
jest	254	4.3935	46	2.9348
doty	244	4.3935	56	1.3214
dent	259	4.3935	41	2.561
perk	254	4.3937	46	2.5653
word	259	4.3937	41	2.6098
yesk	249	4.3938	51	2.6273
navy	241	4.3941	59	2.4916
celt	251	4.3942	49	1.9183
wand	264	4.3942	36	2.2222
flog	251	4.3945	49	1.9183
fury	256	4.3946	44	2.1592
cosy	251	4.3946	49	2.449
umbo	256	4.3947	44	2.5456
brim	261	4.3947	39	1.7437
zebu	228	4.3948	72	2.9723
safe	228	4.3948	72	2.9167
hypo	248	4.3949	52	2.4039
deet	248	4.395	52	3.0
awry	243	4.3951	57	2.3159
duos	243	4.3951	57	3.4737
welt	258	4.3952	42	2.4285
oink	243	4.3952	57	2.579
ughs	248	4.3952	52	2.2307
lynx	258	4.3954	42	3.0952
woks	235	4.3954	65	1.9385
shun	240	4.3955	60	3.4831
axon	225	4.3956	75	2.4665
vans	235	4.3958	65	3.5844
vase	225	4.3958	75	2.3201
heck	250	4.3959	50	3.3201
fits	250	4.3959	50	2.9599
vent	250	4.396	50	2.8199
solo	250	4.396	50	4.3198
kays	245	4.3961	55	3.2728
hood	245	4.3962	55	2.6182
pegs	260	4.3962	40	2.0001
teed	242	4.3965	58	2.8103
gals	252	4.3966	48	3.1249
boxy	227	4.3967	73	2.6577
till	257	4.3968	43	2.9999
held	267	4.3969	33	3.0302
buhr	257	4.397	43	2.9999
abut	239	4.3974	61	1.7705
pack	254	4.3975	46	1.8042
calx	249	4.3976	51	1.6862
fats	254	4.3978	46	2.4132
gees	231	4.3979	69	2.7537
zero	231	4.3983	69	2.6957
lurk	241	4.3983	59	2.661
twos	261	4.3984	39	2.077
deep	251	4.3984	49	2.4083
stow	236	4.3985	64	3.1094
seen	236	4.3985	64	2.4062
jade	236	4.3986	64	3.25
writ	251	4.3987	49	3.3265
they	253	4.399	47	2.8938
unit	253	4.3991	47	2.8509
cuds	268	4.3991	32	3.5626
skim	258	4.3993	42	1.4286
bust	255	4.3997	45	3.2887
exam	240	4.3998	60	3.4668
maze	245	4.3998	55	2.3273
nuns	225	4.3999	75	2.6
aced	250	4.3999	50	2.74
cure	255	4.3999	45	2.6887
deme	250	4.4	50	2.12
nigh	250	4.4001	50	3.04
wine	235	4.4002	65	2.4615
lees	242	4.4005	58	3.276
boor	237	4.4007	63	3.5873
desk	247	4.4007	53	2.9623
vang	252	4.4007	48	3.3959
sods	247	4.4008	53	2.0943
yaws	237	4.4008	63	2.6508
tots	232	4.4009	68	1.8969
knew	252	4.4009	48	1.5417
game	247	4.401	53	3.6226
aria	222	4.4011	78	2.5256
roes	247	4.4012	53	3.6603
rhos	259	4.4013	41	1.439
slab	254	4.4015	46	2.5871
eeks	234	4.4015	66	3.1819
zens	234	4.4016	66	3.0756
heap	244	4.4016	56	2.5534
obey	244	4.4017	56	2.3214
rill	231	4.4023	69	2.377
doge	246	4.4024	54	3.0926
whiz	251	4.4025	49	2.6121
zits	231	4.4025	69	2.8841
grub	241	4.4025	59	3.2034
work	251	4.4025	49	3.1633
bare	251	4.4025	49	2.4285
okay	241	4.4026	59	2.3559
sure	236	4.4027	64	2.8595
limp	258	4.4029	42	2.357
pose	243	4.403	57	2.0176
lacy	243	4.4031	57	2.4385
able	250	4.4037	50	2.8599
agin	240	4.4041	60	2.2667
zeal	235	4.4041	65	2.5691
grey	250	4.4042	50	2.5999
ecru	235	4.4044	65	2.2616
itch	240	4.4044	60	1.9833
viol	230	4.4045	70	2.7857
dolt	257	4.4046	43	3.3723
goon	247	4.4046	53	1.6982
axes	220	4.4047	80	3.25
seed	254	4.4055	46	2.9348
rook	249	4.4057	51	2.608
shmo	249	4.4057	51	2.7844
whom	254	4.4058	46	3.4999
hogs	244	4.4059	56	3.3929
dere	249	4.4059	51	2.255
typo	261	4.4061	39	2.3077
blot	251	4.4063	49	2.5104
bots	251	4.4064	49	1.9999
dyed	241	4.4064	59	2.4236
guck	241	4.4068	59	3.6441
ayin	246	4.4069	54	2.352
vine	231	4.4071	69	2.5943
sick	258	4.4072	42	2.3097
sync	248	4.4074	52	1.7885
bind	260	4.4075	40	3.1249
peck	250	4.4076	50	3.48
lock	255	4.4078	45	2.6223
ilka	228	4.4078	72	2.9445
kept	260	4.4079	40	2.0999
avid	245	4.4081	55	2.4363
life	250	4.4081	50	2.1
mage	245	4.4082	55	3.1456
hell	245	4.4082	55	2.5819
muon	240	4.4083	60	2.3166
yeld	257	4.4084	43	2.8838
phis	257	4.4084	43	2.6976
waul	245	4.4085	55	3.2727
envy	235	4.4086	65	3.2923
been	247	4.4087	53	2.2642
grow	247	4.4087	53	2.5849
mica	247	4.4088	53	2.8869
roar	230	4.4088	70	2.8571
lieu	242	4.4089	58	2.8448
gull	247	4.4091	53	2.7736
ropy	254	4.4091	46	1.9349
fail	247	4.4092	53	2.6226
cede	232	4.4094	68	3.3234
snog	254	4.4095	46	2.8043
span	249	4.4095	51	2.0588
daze	249	4.4096	51	2.5882
myna	249	4.4098	51	2.8038
hoer	254	4.4098	46	3.1957
spay	256	4.4102	44	2.9317
dads	239	4.4103	61	2.7541
wise	246	4.4103	54	2.574
qaid	229	4.4105	71	2.4225
naps	258	4.4108	42	2.238
oxea	219	4.4109	81	2.9011
reek	219	4.4111	81	2.2594
puma	248	4.4113	52	1.9807
were	231	4.4113	69	2.4927
gage	226	4.4115	74	2.4054
folk	265	4.4115	35	3.6569
beam	255	4.4116	45	2.8443
case	238	4.4117	62	3.2742
crud	250	4.4118	50	2.14
dead	221	4.4118	79	2.2785
snow	250	4.412	50	3.3201
flag	250	4.4121	50	2.7401
come	245	4.4122	55	2.4729
jogs	240	4.4125	60	3.9164
rely	240	4.4127	60	2.2001
fobs	247	4.4128	53	2.6414
walk	247	4.4128	53	1.7169
bait	252	4.4128	48	3.2292
begs	247	4.4129	53	2.2642
nova	235	4.4129	65	2.477
pave	242	4.4136	58	2.5689
bios	237	4.4136	63	2.381
cola	244	4.4138	56	1.3393
skid	256	4.4138	44	2.4545
saga	239	4.4141	61	2.4918
cars	244	4.4141	56	1.7321
wage	256	4.4141	44	2.9773
ever	244	4.4141	56	2.5714
tree	246	4.4149	54	3.0926
bask	258	4.4149	42	1.8094
bilk	253	4.4152	47	3.5106
firm	265	4.4153	35	2.0001
fain	238	4.4159	62	2.5806
mace	238	4.4161	62	2.8064
eery	245	4.4164	55	2.6182
vain	240	4.4166	60	2.9
spry	264	4.4167	36	2.2501
beep	252	4.4167	48	2.9584
acme	252	4.4169	48	1.8333
mach	249	4.4174	51	2.5687
ergs	254	4.4174	46	2.3044
mush	242	4.4174	58	2.2587
race	268	4.4177	32	3.4064
null	232	4.4178	68	2.5589
zonk	249	4.4178	51	2.2744
haps	251	4.4183	49	2.9388
fair	258	4.4184	42	2.3809
pick	246	4.4187	54	2.1667
noun	229	4.4189	71	2.4508
mist	262	4.4195	38	2.5525
haze	248	4.4195	52	2.7499
roam	250	4.4199	50	3.0199
doom	250	4.42	50	1.9001
clan	250	4.42	50	2.22
norm	257	4.42	43	2.6512
omit	250	4.4201	50	2.6
most	250	4.4201	50	2.7802
char	250	4.4201	50	2.06
tint	250	4.4201	50	2.4998
hunt	250	4.4201	50	3.04
ouch	250	4.4201	50	2.4801
free	245	4.4203	55	2.1273
bell	257	4.4203	43	2.2789
dish	257	4.4204	43	2.8605
said	238	4.4204	62	2.5
mode	252	4.4206	48	3.125
veto	252	4.4206	48	2.625
sown	245	4.4206	55	2.3999
feel	240	4.4208	60	1.6
wale	247	4.4208	53	2.1699
reef	247	4.4213	53	2.7736
husk	247	4.4213	53	2.8113
deva	247	4.4214	53	3.2074
ping	261	4.4214	39	2.9998
gyps	261	4.4214	39	2.795
flee	249	4.4214	51	1.4902
smug	249	4.4215	51	2.7647
deys	249	4.4215	51	2.1766
doll	249	4.4216	51	3.2744
sikh	249	4.4216	51	1.451
fumy	254	4.4217	46	2.4999
dams	258	4.4223	42	2.1191
with	251	4.4224	49	2.4898
curt	251	4.4224	49	2.0203
army	258	4.4226	42	2.1906
soak	248	4.4232	52	2.9039
need	248	4.4235	52	2.2116
clog	248	4.4236	52	1.7116
wits	243	4.4239	57	2.1754
cove	238	4.4242	62	2.0485
dive	231	4.4242	69	2.5507
awny	245	4.4245	55	2.6728
kina	238	4.4245	62	2.2581
beat	252	4.4246	48	2.5833
dock	247	4.4248	53	2.8113
hash	233	4.4249	67	1.9701
bunt	266	4.4249	34	2.706
rock	254	4.4252	46	2.3913
unix	228	4.4253	72	3.1666
pawn	261	4.4255	39	1.8718
fohs	256	4.4259	44	3.2501
hulk	249	4.4259	51	2.5098
inks	251	4.4261	49	2.4083
bled	244	4.4262	56	2.3035
yeuk	237	4.4263	63	2.381
poll	237	4.4265	63	2.4127
high	239	4.4269	61	2.295
whet	248	4.4273	52	2.0962
yows	241	4.4274	59	2.5763
tarp	250	4.4277	50	2.5799
tick	250	4.428	50	2.7202
octo	236	4.4281	64	2.6561
prow	252	4.4282	48	2.4375
figs	243	4.4283	57	3.1051
dreg	271	4.4284	29	2.2758
afro	238	4.4285	62	2.3063
nuke	238	4.4286	62	2.4194
beau	252	4.4286	48	2.625
hugs	247	4.4292	53	1.8114
ibex	233	4.4293	67	2.8506
rune	240	4.4293	60	2.7335
agog	240	4.4294	60	2.4333
long	270	4.4295	30	3.6666
chum	256	4.4295	44	2.9316
waif	242	4.4298	58	2.0519
sins	249	4.4298	51	1.549
subs	249	4.4299	51	2.3724
bids	256	4.4299	44	2.8407
dorr	237	4.4302	63	3.1745
vast	244	4.4302	56	2.2856
jags	244	4.4303	56	2.7143
chow	244	4.4305	56	3.1429
hall	232	4.4307	68	2.6764
hows	246	4.4309	54	2.7963
cull	239	4.4311	61	2.8852
edge	239	4.4311	61	2.918
saki	239	4.4313	61	2.6722
yodh	255	4.4313	45	3.2667
will	248	4.4314	52	2.3654
scam	262	4.4314	38	3.3423
murk	255	4.4314	45	1.5556
rave	248	4.4315	52	3.2691
bonk	250	4.4318	50	2.5799
fave	236	4.432	64	2.5627
goth	252	4.4322	48	2.5
tall	243	4.4323	57	3.0175
paps	238	4.4327	62	2.7905
fact	240	4.4331	60	3.3167
cube	254	4.4334	46	2.4783
pill	235	4.4339	65	2.8001
dome	251	4.4343	49	2.8164
limo	244	4.4343	56	3.0356
reel	244	4.4345	56	3.5
cool	246	4.4347	54	2.8889
geek	246	4.4351	54	2.1853
fame	253	4.4351	47	2.9786
clay	246	4.4351	54	2.1297
wavy	246	4.4352	54	2.8518
bump	255	4.4353	45	2.9332
huff	232	4.4353	68	2.706
soon	241	4.4356	59	2.678
rich	250	4.4357	50	2.2599
bile	250	4.4362	50	2.7202
gram	259	4.4362	41	3.2441
dees	243	4.4363	57	2.1053
wows	229	4.4366	71	2.5494
fuse	245	4.4367	55	3.0183
vice	245	4.4367	55	2.4182
feet	245	4.4368	55	2.5819
suns	247	4.437	53	1.8303
tabu	263	4.437	37	3.2973
pram	263	4.4373	37	3.4054
scat	240	4.4374	60	2.45
hook	233	4.4377	67	2.2687
cobs	240	4.4378	60	2.5001
bunk	249	4.4379	51	2.3922
laud	235	4.4381	65	2.3692
dark	251	4.4382	49	2.4898
rice	246	4.4389	54	3.2409
ewer	246	4.4389	54	2.7223
demy	255	4.4392	45	2.3999
zing	239	4.4392	61	2.3934
kink	223	4.4393	77	2.7273
serf	255	4.4394	45	3.3333
yack	241	4.4398	59	2.6102
fops	250	4.4399	50	2.0801
oath	241	4.4399	59	2.7627
uvea	250	4.4399	50	2.66
kegs	257	4.44	43	3.3254
oxen	225	4.4401	75	2.1599
noon	227	4.4403	73	2.7808
oars	234	4.4404	66	2.7426
quit	245	4.4405	55	2.7091
meow	252	4.4407	48	2.2291
show	236	4.4408	64	2.8438
gigs	236	4.4408	64	2.8125
mobs	245	4.441	55	3.1636
rise	256	4.4411	44	2.6362
beer	238	4.4412	62	2.2904
raft	258	4.4418	42	2.7618
curs	242	4.442	58	2.7759
sets	242	4.4421	58	3.2069
zany	251	4.4422	49	2.9796
nags	242	4.4422	58	2.8448
tomb	251	4.4422	49	2.3265
vied	244	4.4423	56	3.25
pimp	244	4.4426	56	3.3214
door	253	4.4427	47	2.2554
heat	246	4.4427	54	2.5557
duck	255	4.4429	45	2.6223
name	246	4.4431	54	2.8333
fast	257	4.4438	43	2.9302
nude	250	4.4441	50	3.18
seek	243	4.4447	57	2.1227
mink	254	4.4448	46	3.1957
jali	245	4.4452	55	2.6728
harm	256	4.4452	44	3.7727
that	247	4.4453	53	2.0754
knur	247	4.4455	53	3.5285
wham	249	4.4455	51	2.5687
foot	249	4.4456	51	3.7647
copy	258	4.4456	42	2.8808
wife	249	4.4457	51	3.2352
magi	258	4.4457	42	1.9761
sash	249	4.446	51	2.706
chop	242	4.4461	58	2.069
vote	242	4.4463	58	3.0
kill	242	4.4464	58	3.1034
swig	251	4.4464	49	2.3876
wimp	262	4.4464	38	2.4211
myth	251	4.4465	49	2.3672
pili	242	4.4465	58	2.7759
coax	233	4.4465	67	2.8209
bury	251	4.4465	49	3.1839
dank	244	4.4467	56	2.982
deem	253	4.4468	47	2.1702
leak	253	4.4469	47	3.1916
mere	246	4.4469	54	2.0741
dial	248	4.4476	52	2.7308
zeps	248	4.4477	52	2.8653
boon	250	4.4478	50	2.82
nock	241	4.4482	59	2.9322
wall	243	4.4485	57	2.1754
ceca	223	4.4486	77	2.1038
jets	245	4.4491	55	2.5819
pump	249	4.4496	51	2.7844
xyst	249	4.4497	51	2.9413
main	249	4.4498	51	2.2744
aver	229	4.4498	71	2.0424
town	260	4.4498	40	2.15
bans	251	4.4501	49	2.653
doze	233	4.4507	67	2.7611
goad	222	4.4508	78	2.5897
waft	255	4.4512	45	3.0222
wink	248	4.4516	52	3.404
mitt	239	4.4519	61	2.328
swiz	228	4.4519	72	2.4862
cedi	252	4.4523	48	2.5833
hiss	232	4.4526	68	2.5882
jink	254	4.4527	46	2.6521
hive	243	4.4527	57	3.0001
adds	243	4.4527	57	2.4385
eyes	245	4.4529	55	2.1273
bang	258	4.453	42	1.8571
gawp	256	4.453	44	2.8182
purr	234	4.453	66	2.6516
live	249	4.4536	51	2.4508
gill	240	4.4539	60	3.5001
fogs	238	4.4539	62	2.4839
gins	249	4.454	51	2.4707
acts	251	4.4543	49	3.4082
juts	242	4.4546	58	2.5689
boat	244	4.4548	56	2.6071
yogi	244	4.455	56	3.3929
boot	255	4.4551	45	2.4223
shah	246	4.4554	54	1.9999
whey	248	4.4557	52	3.173
ague	239	4.4558	61	3.3936
plop	250	4.4563	50	3.14
ower	243	4.4567	57	2.3508
chef	243	4.4569	57	2.9823
inky	245	4.4569	55	2.9091
loco	232	4.457	68	2.7501
soys	232	4.457	68	2.7794
bows	245	4.457	55	1.8546
foal	243	4.4571	57	2.8421
loon	236	4.4576	64	2.0937
apps	225	4.4578	75	2.5734
poor	240	4.4581	60	2.45
zaps	238	4.4581	62	2.7097
tent	249	4.4582	51	3.1175
shiv	240	4.4584	60	2.6666
rare	229	4.4584	71	2.8732
vial	240	4.4585	60	2.2332
twig	255	4.4588	45	2.511
yard	242	4.4589	58	3.0
yogh	244	4.4589	56	2.2501
crib	244	4.459	56	2.4286
balk	257	4.4591	43	2.5117
soda	244	4.4592	56	2.75
quid	235	4.4592	65	2.2616
yawn	246	4.4593	54	1.926
cozy	235	4.4594	65	2.2461
loop	259	4.4596	41	1.683
heed	252	4.4603	48	1.625
fish	254	4.4604	46	2.5216
germ	267	4.4608	33	3.3939
taxa	243	4.4609	57	2.737
olea	230	4.461	70	2.3999
pine	247	4.4612	53	2.9246
keek	223	4.4619	77	2.1818
blah	264	4.4619	36	1.6944
ware	251	4.4621	49	2.653
poxy	249	4.4621	51	2.5293
rugs	251	4.4623	49	3.4491
vita	238	4.4624	62	3.4517
ajar	229	4.4627	71	2.4085
cock	244	4.4629	56	2.4109
eels	229	4.463	71	2.6762
pare	259	4.4634	41	3.1461
heth	246	4.4634	54	3.1111
sect	246	4.4635	54	1.6667
pupa	235	4.4638	65	2.4308
vibe	233	4.4638	67	2.2239
woad	248	4.4641	52	1.8076
dyne	254	4.4647	46	2.3261
jots	241	4.4649	59	2.7966
cork	245	4.4652	55	2.5272
fill	232	4.4653	68	2.7353
whop	266	4.4662	34	2.5882
seep	240	4.4663	60	2.5333
faux	236	4.4663	64	2.3906
prep	253	4.4665	47	3.0424
eddy	244	4.4672	56	1.8571
isms	229	4.4672	71	2.662
cabs	246	4.4672	54	2.2779
musk	244	4.4673	56	2.8393
june	233	4.4678	67	2.8657
hoot	235	4.4678	65	2.6769
zine	233	4.4678	67	3.1491
qoph	248	4.4679	52	1.3654
zoea	235	4.4679	65	1.8924
less	235	4.4684	65	2.4462
whir	254	4.4686	46	3.3043
yell	239	4.4686	61	2.6721
blew	258	4.469	42	1.9999
odds	241	4.4692	59	3.1526
haws	245	4.4695	55	2.9455
took	243	4.4695	57	3.2805
eker	247	4.4696	53	3.3208
verb	245	4.4696	55	2.5819
seas	236	4.4701	64	2.8283
buhl	251	4.4702	49	2.6122
chub	253	4.4704	47	2.4041
ooid	221	4.4705	79	2.2278
tray	255	4.4706	45	1.9555
tact	238	4.4706	62	3.1611
drab	257	4.4708	43	2.0
moos	240	4.4708	60	2.3332
jays	246	4.4711	54	3.0372
pouf	246	4.4714	54	1.7222
eggy	235	4.4723	65	2.3846
zoic	220	4.4725	80	2.475
smog	235	4.4725	65	3.5848
gags	239	4.4729	61	3.0657
evil	241	4.4733	59	2.8473
tort	245	4.4736	55	2.9636
site	230	4.4739	70	3.243
test	251	4.4743	49	2.4083
bobs	236	4.4744	64	2.6562
dill	255	4.4744	45	3.3554
cave	236	4.4745	64	2.3281
moot	242	4.4751	58	2.2241
amid	246	4.4756	54	2.3147
oops	246	4.4756	54	2.4814
babe	227	4.4757	73	2.5754
quip	227	4.4758	73	2.4794
styx	248	4.4759	52	3.0575
flox	229	4.476	71	2.6479
roll	237	4.4769	63	2.6033
hype	262	4.477	38	1.8422
bees	241	4.477	59	3.2881
fozy	241	4.4772	59	2.4916
juke	243	4.4772	57	2.2983
zinc	245	4.4776	55	2.0545
chug	249	4.4777	51	2.6471
sack	251	4.478	49	2.8572
mall	251	4.478	49	2.204
mood	253	4.4781	47	1.8936
boil	251	4.4782	49	2.5306
bath	253	4.4782	47	2.4255
void	234	4.4784	66	2.2423
exes	215	4.4791	85	2.2941
gang	244	4.4795	56	2.6429
zerk	246	4.4795	54	2.2779
fund	250	4.4798	50	2.52
monk	246	4.48	54	1.9444
crux	227	4.4802	73	2.0137
snug	235	4.4808	65	2.4769
good	237	4.481	63	1.6031
bibs	237	4.481	63	2.9524
lily	239	4.4811	61	2.9509
emus	239	4.4812	61	2.6721
east	241	4.4814	59	2.9998
sari	243	4.4815	57	2.9472
hick	245	4.4815	55	3.0
byte	257	4.4821	43	2.2327
tell	226	4.4824	74	2.2431
woos	230	4.4827	70	2.6571
pooh	240	4.4831	60	2.3166
yagi	240	4.4832	60	3.1168
boss	242	4.4833	58	2.3965
ahas	213	4.4834	87	3.1034
gell	240	4.4835	60	1.3999
watt	244	4.4835	56	2.2857
tool	244	4.4835	56	3.4286
bene	250	4.484	50	2.6401
pogo	250	4.4842	50	3.3999
fume	256	4.4845	44	2.1592
skip	260	4.4847	40	2.8751
expo	233	4.4849	67	2.8359
undo	235	4.485	65	2.3231
birr	239	4.4851	61	2.8524
jeli	239	4.4853	61	3.426
sews	237	4.4854	63	2.2223
tees	245	4.4855	55	2.9273
wove	247	4.4857	53	2.2452
sitz	247	4.4857	53	2.2829
irid	249	4.4858	51	2.3332
friz	241	4.4859	59	2.6102
lazy	251	4.486	49	2.694
form	251	4.4861	49	2.4692
gosh	253	4.4865	47	3.3191
sacs	228	4.487	72	2.625
ewes	232	4.4873	68	3.4853
full	236	4.4874	64	2.7967
view	238	4.4875	62	2.1774
loos	236	4.4875	64	1.5781
fork	248	4.4878	52	2.173
swab	250	4.4879	50	3.2999
wool	250	4.488	50	2.5599
jars	246	4.488	54	2.8148
bush	244	4.4881	56	2.6964
wisp	252	4.4882	48	2.7292
hums	254	4.4883	46	2.6741
hand	260	4.4884	40	2.925
apex	231	4.4893	69	2.8261
just	239	4.4896	61	2.4589
eggs	239	4.4897	61	2.3441
taut	237	4.4898	63	2.0476
hath	243	4.4898	57	2.7544
comb	247	4.4898	53	2.6416
sits	245	4.4899	55	2.9091
chiv	247	4.4899	53	2.4151
wish	247	4.49	53	3.6415
toro	253	4.4902	47	3.0
back	249	4.4902	51	2.2744
glib	259	4.4904	41	2.1708
feed	238	4.4913	62	3.3872
shoo	236	4.4913	64	2.0312
ahoy	232	4.4914	68	2.7646
idly	244	4.4915	56	3.1251
spas	242	4.4917	58	2.4139
sext	238	4.492	62	3.0482
effs	239	4.4935	61	2.6064
joys	235	4.4936	65	2.8615
says	229	4.4936	71	2.8028
axle	233	4.4936	67	3.2239
hone	237	4.4937	63	2.7779
mutt	233	4.4937	67	2.0447
jugs	235	4.4937	65	2.4
died	239	4.4937	61	3.0492
razz	233	4.4937	67	2.7164
glee	247	4.4938	53	3.1322
look	249	4.4938	51	2.0393
goat	251	4.4939	49	2.4082
heme	253	4.4942	47	1.8937
brow	247	4.4943	53	3.5095
bubo	230	4.4955	70	3.0429
quad	234	4.4955	66	2.1819
foci	240	4.4958	60	2.5
woof	226	4.4958	74	2.6485
sols	242	4.4959	58	2.6033
moss	238	4.4959	62	2.5163
tout	242	4.4959	58	2.0172
coot	240	4.4959	60	2.7167
yare	246	4.4959	54	2.1853
gulp	256	4.496	44	2.7725
jilt	246	4.4961	54	3.4076
baby	240	4.4962	60	2.3334
over	239	4.4977	61	2.8852
ease	227	4.4977	73	2.9316
duff	237	4.4978	63	2.4127
luck	239	4.4978	61	2.3279
kyat	229	4.4979	71	2.7042
pups	233	4.4979	67	3.5076
oryx	247	4.498	53	2.566
vary	243	4.498	57	2.965
wawl	241	4.4981	59	3.1693
barb	241	4.4982	59	3.3897
soms	236	4.4997	64	2.6874
gory	242	4.4998	58	2.5345
wiry	252	4.4999	48	2.9167
jail	244	4.4999	56	1.9823
weed	240	4.4999	60	1.7666
jams	240	4.5	60	2.3334
racy	258	4.5	42	3.0952
puck	248	4.5001	52	2.5
jaws	240	4.5001	60	2.6666
fell	243	4.5018	57	3.0877
mows	239	4.5019	61	2.9018
sake	243	4.5019	57	2.7193
hoop	229	4.502	71	2.845
ramp	261	4.5021	39	3.3333
glug	247	4.5021	53	2.8489
have	241	4.5022	59	3.4069
doxx	221	4.5022	79	2.1138
half	243	4.5024	57	2.158
icon	237	4.5024	63	2.8889
mess	235	4.5025	65	2.6768
hazy	256	4.5035	44	1.8637
oval	248	4.5038	52	2.827
trot	240	4.5038	60	2.8
woke	240	4.5038	60	3.1332
diva	248	4.504	52	2.9037
weep	244	4.504	56	2.7679
loom	254	4.5041	46	2.5001
eyed	244	4.5041	56	3.0356
book	250	4.5041	50	1.9599
kyak	232	4.5042	68	2.7059
taka	238	4.5042	62	2.2581
voes	236	4.5042	64	3.1094
faze	226	4.5042	74	2.473
pepo	240	4.5043	60	2.6001
tufa	261	4.5056	39	2.5383
shin	253	4.5058	47	2.5956
yowe	251	4.5058	49	2.9796
etch	263	4.5058	37	3.7569
midi	249	4.506	51	2.549
pomp	241	4.5061	59	1.966
kiss	235	4.5062	65	2.877
pall	241	4.5063	59	2.7457
moor	245	4.5064	55	2.6545
peek	241	4.5065	59	2.1527
stab	245	4.5065	55	2.3636
milk	254	4.5078	46	2.6522
meme	242	4.5081	58	2.7412
palp	240	4.5082	60	3.2168
skis	234	4.5085	66	2.6517
gong	232	4.5086	68	2.25
kudu	240	4.5086	60	2.7335
cuff	224	4.5091	76	2.6578
quiz	210	4.5097	90	2.889
maul	253	4.5098	47	2.2766
lick	249	4.5099	51	3.1175
flub	253	4.51	47	2.4892
sips	239	4.5106	61	1.8689
pipe	235	4.5107	65	2.5384
prop	237	4.5107	63	2.7301
here	239	4.5107	61	2.5902
wifi	225	4.5112	75	2.3868
eely	246	4.5121	54	2.1853
knee	232	4.5125	68	2.1325
tuff	234	4.5129	66	2.606
jibe	251	4.5136	49	2.3265
home	247	4.514	53	1.9434
jowl	251	4.514	49	2.7346
weir	251	4.5141	49	3.6124
wive	245	4.5142	55	2.8909
funk	247	4.5142	53	2.6414
putt	243	4.5144	57	2.9824
sues	233	4.5148	67	2.6718
bull	237	4.5149	63	3.2859
muff	235	4.515	65	2.1539
jock	227	4.5157	73	2.6848
suds	246	4.5164	54	2.5
ashs	236	4.5169	64	1.7032
gaps	255	4.5177	45	1.8001
pips	245	4.5182	55	2.9274
psis	245	4.5182	55	1.8363
tote	237	4.5189	63	2.2697
zati	239	4.5191	61	2.7376
wash	252	4.5198	48	1.6042
zeta	244	4.5203	56	3.357
face	240	4.5209	60	3.4831
dusk	255	4.5216	45	3.1332
sops	249	4.522	51	2.5883
hobo	228	4.5221	72	2.8751
coop	243	4.5222	57	2.9823
fogy	247	4.5223	53	2.7546
womb	245	4.5223	55	2.3636
imam	239	4.5229	61	2.049
cogs	239	4.5231	61	2.2131
dude	233	4.5237	67	2.6568
chip	254	4.5239	46	2.4564
asks	229	4.524	71	2.9999
peer	248	4.5243	52	2.7114
sots	242	4.5249	58	2.4483
toot	236	4.5253	64	2.3125
lede	255	4.5256	45	2.9557
zoom	228	4.526	72	2.1806
roof	232	4.5261	68	2.3236
veer	251	4.5262	49	2.5509
honk	243	4.5267	57	2.5263
sexy	245	4.5267	55	2.091
flux	241	4.5269	59	2.8645
jivy	241	4.5269	59	2.0169
oven	235	4.5276	65	2.6153
yill	233	4.5277	67	2.2836
yegg	229	4.5282	71	2.6762
week	229	4.5285	71	2.9577
sill	242	4.5287	58	2.793
pops	225	4.5288	75	2.9333
bleb	244	4.5289	56	2.4999
scuz	236	4.5296	64	2.8751
aura	217	4.53	83	2.9155
wing	249	4.5302	51	3.6471
blab	249	4.5305	51	3.1961
mass	228	4.5305	72	2.1389
wave	230	4.5306	70	1.8429
toll	245	4.5307	55	2.8728
hull	239	4.5312	61	2.0656
heel	237	4.5317	63	2.6348
alga	235	4.5318	65	2.1691
give	233	4.5323	67	2.8059
peel	257	4.533	43	2.0465
ally	236	4.5341	64	2.953
toss	232	4.5347	68	2.8384
vugs	245	4.5348	55	2.6545
jamb	245	4.5348	55	3.2727
zips	228	4.5352	72	2.2499
bass	235	4.536	65	2.9846
ywis	237	4.5362	63	2.4603
sags	233	4.5363	67	3.2239
ebbs	248	4.5363	52	2.5578
loin	220	4.5363	80	2.5626
goji	233	4.5364	67	2.5971
gall	246	4.5364	54	2.3147
quin	229	4.537	71	2.9157
kick	229	4.5371	71	2.5494
thee	242	4.5371	58	2.5689
bill	242	4.5372	58	2.6033
odor	242	4.5373	58	2.7586
tart	242	4.5373	58	2.776
duds	236	4.5379	64	1.7345
keen	238	4.5379	62	3.5322
guff	236	4.5383	64	3.2033
zees	226	4.54	74	2.3378
vane	250	4.54	50	2.3199
ibis	235	4.5402	65	2.8923
cees	244	4.5408	56	2.3751
tzar	242	4.5414	58	2.3102
ruff	240	4.5417	60	2.8
even	238	4.5418	62	2.8386
buck	249	4.5419	51	2.2353
maim	230	4.5432	70	3.1856
aahs	245	4.5433	55	2.3999
dozy	241	4.5434	59	2.5083
horo	230	4.5436	70	3.0428
hoof	230	4.5436	70	2.3143
qadi	241	4.5437	59	2.322
ambo	250	4.5439	50	3.7598
oboe	237	4.5439	63	2.6033
alas	239	4.544	61	2.2786
ball	259	4.5441	41	3.3171
coho	226	4.5444	74	2.5811
zoon	235	4.5445	65	2.8308
mugs	255	4.5453	45	2.6667
data	249	4.5464	51	2.7449
jabs	236	4.5465	64	3.2187
ekes	245	4.5471	55	2.2545
join	243	4.5473	57	2.3335
sirs	230	4.5477	70	2.7
icky	250	4.548	50	2.4198
hill	239	4.5481	61	2.2131
bitt	237	4.5487	63	2.2857
lass	235	4.5488	65	2.7229
moms	231	4.5495	69	2.8984
jean	233	4.5496	67	3.2686
boos	233	4.5496	67	2.4031
moon	229	4.5503	71	2.4225
eave	238	4.5505	62	2.8064
call	247	4.5507	53	2.736
ooze	236	4.5511	64	2.6092
matt	241	4.5516	59	3.1526
elks	243	4.5517	57	2.2807
hoax	235	4.5528	65	2.5691
meek	246	4.553	54	1.9815
seme	240	4.5541	60	2.5333
xray	240	4.5541	60	2.6999
teth	250	4.5562	50	2.6
away	239	4.5565	61	2.2459
pulp	239	4.5565	61	2.295
mull	246	4.5568	54	3.0372
ovum	237	4.5569	63	3.0478
tuft	237	4.5572	63	2.9524
vara	233	4.5578	67	2.179
mini	245	4.559	55	2.5636
hush	245	4.559	55	1.8909
kata	234	4.5598	66	2.091
dodo	225	4.5599	75	2.9333
buff	241	4.5602	59	2.3391
blob	248	4.5603	52	2.2886
oleo	246	4.5612	54	2.5371
tipi	253	4.5613	47	2.1064
qats	253	4.5614	47	2.3618
taxi	235	4.5617	65	2.0308
teen	240	4.5625	60	2.6667
joke	240	4.5626	60	2.3165
saws	231	4.5626	69	2.3042
mums	238	4.5627	62	2.1291
seem	252	4.5634	48	3.1458
memo	236	4.5636	64	3.2344
leek	243	4.5639	57	2.035
junk	239	4.5649	61	2.754
dyad	235	4.5658	65	2.4154
quay	235	4.5659	65	2.7229
room	240	4.5666	60	1.6833
puff	254	4.5669	46	3.6303
hula	247	4.5669	53	2.736
lava	238	4.5673	62	2.2419
sows	243	4.5675	57	2.158
chic	229	4.568	71	2.8875
doff	234	4.5686	66	2.3638
dado	246	4.5694	54	2.5557
stat	237	4.5698	63	3.1745
doxy	233	4.5706	67	2.3134
jerk	245	4.5713	55	2.0182
riff	241	4.5725	59	2.6102
yutz	239	4.5734	61	2.8852
kook	237	4.5738	63	2.8411
twit	237	4.5739	63	2.7144
hunk	244	4.574	56	2.0893
eves	233	4.5752	67	2.5075
yett	226	4.5752	74	2.7974
sums	252	4.5756	48	2.2709
mime	238	4.5759	62	3.2258
cook	232	4.5773	68	3.0883
butt	234	4.5811	66	2.9697
foxy	246	4.5812	54	3.0372
jell	252	4.583	48	2.646
zulu	238	4.5843	62	1.5967
goop	236	4.5844	64	3.0
oohs	236	4.5848	64	3.0781
jive	239	4.5859	61	1.8032
vees	232	4.586	68	1.9117
logo	230	4.5868	70	3.0
burr	257	4.5874	43	2.2325
zoos	216	4.5879	84	2.5713
jinx	235	4.5913	65	3.5844
moho	238	4.5923	62	2.7095
bomb	243	4.5925	57	2.9472
food	241	4.5936	59	2.0849
cell	224	4.5938	76	2.8947
huhs	239	4.5943	61	2.8362
goby	247	4.5954	53	2.9055
buoy	257	4.5956	43	3.0232
zyme	247	4.5956	53	1.9434
bulb	230	4.5958	70	2.5001
ziti	238	4.5966	62	3.4837
luau	234	4.5984	66	2.712
gaga	222	4.5991	78	3.0
guru	240	4.5999	60	2.6835
luff	233	4.6009	67	3.03
cuss	239	4.6023	61	2.0982
jigs	247	4.6033	53	2.1886
whew	242	4.6034	58	3.2759
saps	237	4.6034	63	1.8412
iris	232	4.6036	68	2.8529
nine	233	4.605	67	3.403
iffy	231	4.606	69	2.768
tizz	221	4.6066	79	2.3924
boll	239	4.6067	61	2.8852
goos	242	4.6072	58	2.2588
kiwi	241	4.61	59	2.7966
gaff	236	4.6102	64	2.5
dene	232	4.612	68	2.5882
fizz	232	4.6162	68	2.5587
keep	244	4.6191	56	2.4821
offs	247	4.6195	53	2.4718
five	245	4.62	55	2.2001
pull	249	4.6222	51	2.9215
dojo	231	4.6234	69	2.2029
jack	244	4.6268	56	2.7321
yirr	241	4.6307	59	1.6779
toff	247	4.6317	53	2.9436
josh	234	4.6327	66	2.8029
fuzz	232	4.6336	68	1.6765
beef	249	4.6384	51	2.6668
sass	227	4.6389	73	2.4796
sees	225	4.6398	75	2.4134
loll	223	4.6412	77	1.8832
ouzo	215	4.6418	85	2.5648
bevy	250	4.6439	50	2.5599
sobs	237	4.6455	63	3.2859
sons	229	4.6463	71	3.0846
miss	234	4.6495	66	3.1212
goof	243	4.6503	57	2.6667
baas	236	4.6527	64	3.0625
lull	237	4.6537	63	2.8889
tiff	235	4.6554	65	2.1999
fuss	224	4.6561	76	2.8947
czar	230	4.6564	70	2.7144
wood	237	4.6585	63	2.6508
deed	229	4.6596	71	2.6762
miff	242	4.661	58	3.0174
judo	227	4.6653	73	3.0547
beet	251	4.6653	49	2.3266
agar	243	4.6662	57	2.4736
boom	246	4.6665	54	2.3702
asps	242	4.6693	58	2.8964
aqua	225	4.671	75	2.6133
peep	226	4.6767	74	2.0135
kava	229	4.6811	71	2.6618
suqs	235	4.6849	65	3.2462
yoyo	220	4.6865	80	2.75
papa	221	4.6877	79	2.3924
tutu	244	4.6888	56	2.5714
yaff	241	4.6927	59	2.6271
buzz	227	4.7136	73	2.4248
jeep	224	4.7145	76	3.1314
oozy	235	4.7274	65	2.7384
fuff	222	4.7298	78	3.1154
jeer	225	4.7333	75	2.4533
java	227	4.74	73	2.4109
text	232	4.7542	68	2.2942
poop	248	4.7621	52	1.3462
zizz	215	4.7628	85	2.3293
mama	239	4.7657	61	2.7868
jazz	221	4.8007	79	2.0381
